k2_table.ecsv
# %ECSV 0.9
# ---
# datatype:
# - {name: pl_hostname, datatype: string}
# - {name: pl_letter, datatype: string}
# - {name: ra, unit: deg, datatype: float64}
# - {name: dec, unit: deg, datatype: float64}
# - {name: st_dist, unit: pc, datatype: float64}
# meta: !!omap
# - __serialized_columns__:
#     dec:
#       __class__: astropy.units.quantity.Quantity
#       value: !astropy.table.SerializedColumn {name: dec}
#     ra:
#       __class__: astropy.units.quantity.Quantity
#       value: !astropy.table.SerializedColumn {name: ra}
#     st_dist:
#       __class__: astropy.units.quantity.Quantity
#       value: !astropy.table.SerializedColumn {name: st_dist}
# schema: astropy-2.0
pl_hostname pl_letter ra dec st_dist
[from data line 1198]
"HD 19994" b 48.193485 -1.196101 22.54
"HD 20794" b 49.981876 -43.069782 6.0
"HD 20794" c 49.981876 -43.069782 6.0
"HD 20794" d 49.981876 -43.069782 6.0
"HD 20782" b 50.014908 -28.854071 35.5
"HIP 105854" b 321.595306 -37.82943 78.8
"HIP 116454" b 353.955353 0.445516 55.2
"HR 810" b 40.639442 -50.800293 17.33
"HR 8799" b 346.869659 21.134251 39.4
"HR 8799" c 346.869659 21.134251 39.4
"HR 8799" d 346.869659 21.134251 39.4
"HR 8799" e 346.869659 21.134251 39.4
K2-3 b 172.334946 -1.454787 44.13
K2-3 c 172.334946 -1.454787 44.13
K2-3 d 172.334946 -1.454787 44.13
KELT-1 b 0.362142 39.383808 262.0
"KELT-2 A" b 92.663948 30.957144 134.57
KELT-3 b 148.643324 40.388069 178.0
KELT-6 b 195.981868 30.640051 222.0
TrES-2 b 286.808473 49.316402 213.0
HAT-P-7 b 292.24731 47.969513 320.0
HAT-P-11 b 297.709351 48.080856 37.81
Kepler-4 b 285.615322 50.135754 550.0
Kepler-5 b 299.407009 44.035046 898.0
Kepler-6 b 296.837254 48.239964 590.0
Kepler-7 b 288.581516 41.0898 907.0
Kepler-8 b 281.288118 42.45108 1330.0
Kepler-9 b 285.573981 38.400892 650.0
Kepler-9 c 285.573981 38.400892 650.0
Kepler-9 d 285.573981 38.400892 650.0
Kepler-888 b 295.521206 49.738632 413.0
Kepler-889 b 291.467319 50.759489 513.0
Kepler-890 b 288.435745 43.763496 1387.0
Kepler-304 e 294.441763 40.557587 483.0
Kepler-891 b 291.083797 40.355255 1372.0
Kepler-892 b 283.129641 43.888241 640.0
Kepler-893 b 284.963031 43.913006 1216.0
Kepler-894 b 288.734088 46.939396 1090.0
Kepler-895 b 289.290653 51.408891 516.0
Kepler-896 b 282.439182 43.734486 896.0
Kepler-897 b 290.586837 51.69582 1147.0
Kepler-898 b 286.585389 46.87093 479.0
Kepler-899 b 297.48258 40.68078 1038.0
Kepler-900 b 296.177297 46.99902 505.0
Kepler-901 b 291.152951 40.887497 241.0
Kepler-902 b 289.731692 46.953823 904.0
Kepler-903 b 288.771018 40.664176 829.0
Kepler-903 c 288.771018 40.664176 829.0
Kepler-904 b 288.822916 40.389049 1151.0
Kepler-905 b 290.051123 46.713375 521.0
Kepler-906 b 291.405561 40.125487 758.0
Kepler-907 b 285.476589 41.63274 352.0
Kepler-908 b 295.322517 39.376484 250.0
Kepler-909 b 289.506358 45.370998 318.0
Kepler-910 b 296.047358 42.743006 402.0
Kepler-911 b 298.589186 40.750689 567.0
Kepler-912 b 298.111206 41.758333 1265.0
"GJ 849" b 332.418121 -4.640729 8.8
"GJ 876" b 343.319733 -14.2637 4.68
"GJ 876" c 343.319733 -14.2637 4.68
"GJ 876" d 343.319733 -14.2637 4.68
"GJ 876" e 343.319733 -14.2637 4.68
"GJ 1214" b 258.828837 4.96392 12.95
"GJ 3021" b 4.052823 -79.851181 17.56
"GJ 3293" b 67.14882 -25.169301 20.2
"GJ 3293" c 67.14882 -25.169301 20.2
"GJ 3341" b 78.944663 -31.295951 23.16
"GJ 3470" b 119.774349 15.391492 25.2
"GJ 3634" b 164.646242 -31.143989 19.8
"GSC 06214-00210" b 245.47778 -20.719202 145.0
HAT-P-1 b 344.445104 38.674953 139.0
HAT-P-2 b 245.151489 41.048084 128.25
HAT-P-3 b 206.094121 48.028667 138.0
HAT-P-4 b 229.991354 36.229664 314.0
HAT-P-5 b 274.405476 36.62141 340.0
HAT-P-6 b 354.774222 42.465973 261.0
HAT-P-8 b 343.041067 35.447109 230.0
HAT-P-9 b 110.168529 37.140652 480.0
HAT-P-12 b 209.389489 43.493534 142.5
HAT-P-13 b 129.882536 47.352051 214.0
HAT-P-13 c 129.882536 47.352051 214.0
HAT-P-14 b 260.116169 38.242165 205.0
"HD 20868" b 50.177895 -33.730103 48.9
"HD 23127" b 54.848495 -60.077843 94.11
"HD 23079" b 54.929562 -52.915836 33.49
"HD 22781" b 55.206356 31.82629 32.63
"HD 23596" b 57.001556 40.530636 52.0
"HD 24040" b 57.595699 17.476366 46.68
"HD 25171" b 58.956001 -65.186676 55.7
"HD 27442" b 64.120956 -59.302155 18.28
"HD 27631" b 64.939461 -41.960266 50.36
"HD 27894" b 65.19603 -59.410835 43.88
"HD 28254" b 66.211273 -50.622192 54.7
"HD 28185" b 66.609673 -10.550821 39.6
"HD 28678" b 67.856056 4.575287 190.92
"HD 30177" b 70.476555 -58.020756 55.68
"HD 30562" b 72.151604 -5.674045 26.18
"HD 30669" b 72.11869 -28.419298 57.1
"HD 30856" b 72.574425 -24.368839 131.7
"HD 31253" b 73.681892 12.352201 58.24
"HD 32518" b 77.403 69.639404 122.55
"HD 33142" b 76.898087 -13.98648 121.8
"HD 33283" b 77.004219 -26.797472 90.1
"HD 33564" b 80.639717 79.231148 20.97
"HD 34445" b 79.420746 7.353343 46.15
"HD 37124" b 84.260361 20.730787 31.69
"HD 37124" c 84.260361 20.730787 31.69
"HD 37124" d 84.260361 20.730787 31.69
Kepler-10 b 285.679394 50.241299 173.0
Kepler-10 c 285.679394 50.241299 173.0
Kepler-11 b 297.115123 41.909138 613.0
Kepler-11 c 297.115123 41.909138 613.0
Kepler-11 d 297.115123 41.909138 613.0
Kepler-11 e 297.115123 41.909138 613.0
Kepler-11 f 297.115123 41.909138 613.0
Kepler-11 g 297.115123 41.909138 613.0
Kepler-12 b 286.243425 50.040382 600.0
KOI-13 b 286.971199 46.868362 415.0
Kepler-14 b 287.708814 47.33305 980.0
Kepler-15 b 296.200595 49.140125 598.0
Kepler-16 b 289.07571 51.757439 61.0
Kepler-17 b 298.395274 47.815006 800.0
Kepler-33 d 289.077548 46.005222 1113.0
Kepler-33 e 289.077548 46.005222 1113.0
Kepler-33 f 289.077548 46.005222 1113.0
Kepler-34 b 296.435821 44.64156 1499.0
Kepler-35 b 294.496978 46.689762 1645.0
Kepler-36 b 291.250191 49.231827 470.0
Kepler-36 c 291.250191 49.231827 470.0
Kepler-37 b 284.05966 44.518131 66.0
Kepler-37 c 284.05966 44.518131 66.0
Kepler-37 d 284.05966 44.518131 66.0
Kepler-913 b 297.583122 41.952431 597.0
Kepler-914 b 290.412001 44.89933 678.0
Kepler-915 b 290.592077 45.737137 806.0
Kepler-916 b 290.983322 45.973301 769.0
Kepler-917 b 299.05126 47.949284 1027.0
Kepler-918 b 298.200719 48.267838 1245.0
Kepler-919 b 298.114772 48.494404 1219.0
Kepler-920 b 284.296949 49.158676 926.0
Kepler-920 c 284.296949 49.158676 926.0
Kepler-921 b 284.616205 49.190811 847.0
Kepler-922 b 284.731462 49.533195 558.0
Kepler-923 b 294.171085 40.055165 966.0
Kepler-924 b 290.668512 40.397718 995.0
Kepler-925 b 290.106539 40.490657 623.0
Kepler-926 b 289.679343 40.700466 771.0
Kepler-927 b 289.38351 41.392695 879.0
Kepler-928 b 289.920717 41.542828 532.0
Kepler-929 b 298.481124 41.615332 820.0
Kepler-930 b 298.314444 42.247434 905.0
Kepler-931 b 297.132641 42.768253 490.0
Kepler-932 b 296.952062 43.271969 478.0
Kepler-933 b 289.568659 43.538612 922.0
Kepler-934 b 290.288467 43.755322 603.0
Kepler-935 b 295.021668 46.619217 482.0
Kepler-936 b 293.577759 46.736347 687.0
Kepler-937 b 294.168805 46.714611 1482.0
Kepler-937 c 294.168805 46.714611 1482.0
Kepler-938 b 294.789143 46.98399 861.0
HAT-P-15 b 66.248026 39.460636 190.0
HAT-P-16 b 9.573181 42.463078 235.0
HAT-P-17 b 324.536396 30.488716 90.0
HAT-P-17 c 324.536396 30.488716 90.0
HAT-P-18 b 256.346473 33.012512 166.0
"BD+48 738" b 40.710224 49.58696 892.17
"BD+49 828" b 45.640529 49.730011 447.59
"CFBDSIR J145829+101343" b 224.620833 10.228611 23.1
"CHXR 73" b 166.619893 -77.625877 191.05
CoRoT-1 b 102.079885 -3.102147 805.31
CoRoT-2 b 291.777056 1.383714 200.0
CoRoT-3 b 292.055263 0.12182 680.0
CoRoT-4 b 102.194663 -0.672774 741.6
CoRoT-5 b 101.277254 0.815239 904.65
CoRoT-6 b 281.072525 6.663194 657.24
CoRoT-7 b 100.956125 -1.063033 153.7
CoRoT-7 c 100.956125 -1.063033 153.7
CoRoT-8 b 291.588518 1.426452 380.0
CoRoT-9 b 280.786712 6.204172 460.0
CoRoT-10 b 291.063708 0.746143 345.0
CoRoT-11 b 280.687263 5.937688 560.0
CoRoT-12 b 100.765677 -1.296439 1150.0
CoRoT-13 b 102.721137 -5.086445 1060.0
CoRoT-14 b 103.424211 -5.536037 1340.0
CoRoT-16 b 278.524691 -6.002595 840.0
CoRoT-17 b 278.699254 -6.612234 920.0
"HD 37605" b 85.00721 6.060579 46.85
"HD 37605" c 85.00721 6.060579 46.85
"HD 38283" b 84.258408 -73.699341 38.1
"HD 38529" b 86.64547 1.168193 42.4
"HD 38529" c 86.64547 1.168193 42.4
"HD 38801" b 86.996567 -8.3277 91.68
"HD 39091" b 84.291214 -80.469124 18.28
"HD 40307" b 88.51767 -60.023472 12.94
"HD 40307" c 88.51767 -60.023472 12.94
"HD 40307" d 88.51767 -60.023472 12.94
"HD 40307" f 88.51767 -60.023472 12.94
"HD 40307" g 88.51767 -60.023472 12.94
"HD 40979" b 91.124763 44.260445 33.3
"HD 41004 A" b 89.956871 -48.239693 43.03
"HD 41004 B" b 89.956886 -48.239841 43.03
"HD 43197" b 93.39859 -29.89727 56.3
"HD 43691" b 94.894485 41.092304 85.81
"HD 44219" b 95.059677 -10.725009 50.4
"HD 45364" b 96.410316 -31.480953 34.39
"HD 45364" c 96.410316 -31.480953 34.39
"HD 45350" b 97.19046 38.962963 46.94
"HD 45652" b 97.304962 10.933891 34.89
"HD 46375" b 98.302597 5.462925 29.58
"HD 47186" b 99.036613 -27.622297 37.5
"HD 47186" c 99.036613 -27.622297 37.5
"HD 47536" b 99.44841 -32.339733 122.95
Kepler-37 e 284.05966 44.518131 66.0
Kepler-38 b 286.830353 42.279205 600.0
Kepler-39 b 296.960265 46.034298 1200.0
Kepler-40 b 296.81369 47.526608 2700.0
Kepler-41 b 294.513229 45.981644 770.0
Kepler-42 b 292.219033 44.61916 38.7
Kepler-42 c 292.219033 44.61916 38.7
Kepler-42 d 292.219033 44.61916 38.7
Kepler-43 b 285.240856 46.668255 1950.0
Kepler-44 b 300.102352 45.762142 2250.0
Kepler-45 b 292.8729 41.064261 333.0
Kepler-46 b 289.268744 42.604176 855.0
Kepler-46 c 289.268744 42.604176 855.0
Kepler-46 d 289.268744 42.604176 855.0
Kepler-47 b 295.297916 46.920467 1500.0
Kepler-47 c 295.297916 46.920467 1500.0
Kepler-48 b 299.139212 40.94902 306.66
Kepler-48 c 299.139212 40.94902 306.66
Kepler-48 d 299.139212 40.94902 306.66
Kepler-48 e 299.139212 40.94902 306.66
Kepler-49 b 292.294579 40.591801 306.0
Kepler-49 c 292.294579 40.591801 306.0
Kepler-49 d 292.294579 40.591801 306.0
Kepler-49 e 292.294579 40.591801 306.0
Kepler-50 b 288.100873 50.033718 255.0
Kepler-939 b 293.865613 47.026829 1029.0
Kepler-940 b 294.241293 47.275982 1317.0
Kepler-941 b 294.326356 47.217613 1105.0
Kepler-942 b 294.955114 44.149818 218.0
Kepler-943 b 284.273965 41.535023 1239.0
Kepler-944 b 293.601262 42.379761 1035.0
Kepler-945 b 291.269748 42.096046 1543.0
Kepler-946 b 300.929606 44.02879 918.0
Kepler-947 b 294.366727 42.252678 1188.0
Kepler-948 b 293.300231 41.523338 884.0
Kepler-949 b 298.607876 46.453682 572.0
Kepler-411 c 287.605582 49.523262 153.0
Kepler-950 b 287.956566 41.130329 1489.0
Kepler-951 b 287.73756 38.114567 408.0
Kepler-952 b 285.371949 41.993912 1167.0
Kepler-953 b 288.971662 44.624531 240.0
Kepler-167 d 292.658441 38.345413 330.0
Kepler-167 e 292.658441 38.345413 330.0
"HIP 8541" b 27.526375 -54.464962 168.63
"HIP 74890" b 229.572205 -41.42057 91.49
Kepler-953 c 288.971662 44.624531 240.0
Kepler-1275 b 293.500497 44.932457 1280.0
Kepler-1276 b 287.85701 40.547181 587.0
Kepler-1277 b 295.102413 40.572396 606.0
Kepler-1278 b 282.956935 42.825619 743.0
Kepler-1279 b 288.095635 40.365964 1017.0
Kepler-1280 b 293.573935 45.384541 1006.0
CoRoT-18 b 98.17241 -0.031586 870.0
CoRoT-19 b 97.033582 -0.170681 770.0
CoRoT-20 b 97.720408 0.226919 864.31
CoRoT-22 b 280.667115 6.219136 592.0
CoRoT-23 b 279.782615 4.357806 600.0
CoRoT-24 b 101.922547 -3.719301 600.0
CoRoT-24 c 101.922547 -3.719301 600.0
CoRoT-25 b 280.629662 6.513829 1000.0
CoRoT-26 b 279.750514 6.969787 1670.0
CoRoT-27 b 278.495813 5.538462 1035.15
CoRoT-28 b 278.688338 5.57373 560.0
CoRoT-29 b 278.902103 6.479651 765.0
"DENIS-P J082303.1-491201" b 125.76305 -49.200359 20.77
"GJ 86" b 32.608059 -50.823723 10.79
HAT-P-19 b 9.516742 34.711575 215.0
HAT-P-20 b 111.916469 24.33663 70.0
HAT-P-21 b 171.274955 41.027954 254.0
HAT-P-22 b 155.681719 50.128345 82.0
HAT-P-23 b 306.123854 16.762152 393.0
HAT-P-24 b 108.825058 14.262599 396.0
HAT-P-25 b 48.435419 25.197405 297.0
HAT-P-26 b 213.156383 4.059997 134.0
HAT-P-27 b 222.767436 5.947368 204.0
HAT-P-28 b 13.000766 34.728413 395.0
HAT-P-29 b 33.131142 51.778759 322.0
"HD 48265" b 100.007195 -48.541954 85.4
"HD 49674" b 102.877151 40.867756 43.09
"HD 50499" b 103.008438 -33.915562 46.35
"HD 50554" b 103.678436 24.245558 31.19
"HD 52265" b 105.07515 -5.367162 30.01
"HD 60532" b 113.513252 -22.296066 25.3
"HD 60532" c 113.513252 -22.296066 25.3
"HD 62509" b 116.328957 28.026199 10.34
"HD 63454" b 114.841049 -78.278969 37.73
"HD 63765" b 116.957161 -54.264145 32.57
"HD 65216" b 118.422173 -63.647324 35.16
"HD 65216" c 118.422173 -63.647324 35.16
"HD 66141" b 120.566406 2.334571 68.16
"HD 66428" b 120.869438 -1.162709 53.36
"HD 67087" b 121.915649 31.551319 76.69
"HD 67087" c 121.915649 31.551319 76.69
"HD 68988" b 124.592384 61.460724 60.95
"HD 69830" b 124.599777 -12.632174 12.56
"HD 69830" c 124.599777 -12.632174 12.56
"HD 69830" d 124.599777 -12.632174 12.56
"HD 70573" b 125.708135 1.859323 45.7
"HD 70642" b 125.367233 -39.70541 29.3
"HD 72659" b 128.51329 -1.568217 51.4
"HD 73256" b 129.095901 -30.037626 36.75
"HD 73267" b 129.074066 -34.45998 54.91
"HD 73526" b 129.31868 -41.319103 97.51
Kepler-50 c 288.100873 50.033718 255.0
Kepler-51 b 296.479776 49.937683 1013.0
Kepler-51 c 296.479776 49.937683 1013.0
Kepler-51 d 296.479776 49.937683 1013.0
Kepler-52 b 286.738033 49.97575 336.0
Kepler-52 c 286.738033 49.97575 336.0
Kepler-52 d 286.738033 49.97575 336.0
Kepler-53 b 290.461775 40.562462 1235.0
Kepler-53 c 290.461775 40.562462 1235.0
Kepler-53 d 290.461775 40.562462 1235.0
Kepler-54 b 294.773939 43.056295 234.0
Kepler-54 c 294.773939 43.056295 234.0
Kepler-54 d 294.773939 43.056295 234.0
Kepler-55 b 285.168338 44.026466 568.0
Kepler-55 c 285.168338 44.026466 568.0
Kepler-55 d 285.168338 44.026466 568.0
Kepler-55 e 285.168338 44.026466 568.0
Kepler-55 f 285.168338 44.026466 568.0
Kepler-56 b 293.758347 41.871869 914.0
Kepler-56 c 293.758347 41.871869 914.0
Kepler-57 b 293.641285 44.65704 674.0
Kepler-57 c 293.641285 44.65704 674.0
Kepler-58 b 296.358649 39.115194 1562.0
Kepler-58 c 296.358649 39.115194 1562.0
Kepler-58 d 296.358649 39.115194 1562.0
Kepler-1281 b 295.354457 48.515404 1090.0
Kepler-1282 b 290.176173 46.698338 1126.0
Kepler-1283 b 295.462337 40.776969 1452.0
Kepler-1284 b 291.279002 47.687649 852.0
Kepler-1285 b 281.835355 44.155926 364.0
Kepler-1286 b 280.258382 43.835766 1150.0
Kepler-1287 b 289.134661 47.062996 1027.0
Kepler-1288 b 285.713488 41.605873 715.0
Kepler-1289 b 296.388807 41.040571 1059.0
Kepler-1290 b 290.685249 43.859638 1321.0
Kepler-1291 b 289.377032 40.001151 982.0
Kepler-1292 b 284.90572 43.949169 1406.0
Kepler-1293 b 290.025921 48.335949 770.0
Kepler-1294 b 291.268101 44.488194 1120.0
Kepler-1295 b 291.397864 45.588559 1257.0
Kepler-1296 b 292.125189 41.407814 631.0
Kepler-1297 b 289.956501 47.020393 996.0
Kepler-1298 b 284.422735 49.106224 498.0
Kepler-1299 b 286.150155 37.411377 1352.0
Kepler-1300 b 289.033022 40.086887 757.0
Kepler-1301 b 286.604183 42.440319 816.0
Kepler-1302 b 290.989241 50.30806 727.0
Kepler-1303 b 284.287156 42.355614 905.0
Kepler-1304 b 285.276428 39.446916 682.0
Kepler-1305 b 297.339446 46.347252 1343.0
Kepler-1306 b 294.478341 46.945862 1130.0
Kepler-1307 b 292.86984 46.741859 1396.0
Kepler-1308 b 285.928896 38.520962 73.0
HAT-P-30 b 123.949894 5.836719 193.0
HAT-P-31 b 271.537705 26.426662 354.0
HAT-P-32 b 31.042848 46.687836 283.0
HAT-P-33 b 113.184212 33.835052 387.0
HAT-P-34 b 303.195342 18.104868 257.0
HAT-P-35 b 123.250764 4.787023 535.0
Kepler-115 b 297.711849 45.261925 631.0
Kepler-115 c 297.711849 45.261925 631.0
Kepler-116 b 294.74207 43.536835 987.0
Kepler-116 c 294.74207 43.536835 987.0
Kepler-117 b 288.793037 48.040234 1430.0
Kepler-117 c 288.793037 48.040234 1430.0
Kepler-118 b 299.213164 41.424824 577.0
Kepler-118 c 299.213164 41.424824 577.0
Kepler-119 b 295.946421 42.658924 733.0
Kepler-119 c 295.946421 42.658924 733.0
Kepler-120 b 287.891632 39.339124 376.0
Kepler-120 c 287.891632 39.339124 376.0
Kepler-121 b 286.162064 39.677995 622.0
Kepler-121 c 286.162064 39.677995 622.0
Kepler-122 b 291.111883 39.949104 946.0
Kepler-122 c 291.111883 39.949104 946.0
Kepler-122 d 291.111883 39.949104 946.0
Kepler-122 e 291.111883 39.949104 946.0
Kepler-122 f 291.111883 39.949104 946.0
"HD 73526" c 129.31868 -41.319103 97.51
"HD 73534" b 129.815842 12.960376 81.0
"HD 74156" b 130.604675 4.578097 64.6
"HD 74156" c 130.604675 4.578097 64.6
"HD 75289" b 131.918289 -41.736794 29.14
"HD 75784" b 133.099747 13.233433 68.7
"HD 75898" b 133.461685 33.056812 78.23
"HD 76700" b 133.481308 -66.800995 60.99
"HD 77338" b 135.302063 -25.527061 46.0
"HD 79498" b 138.789169 23.375549 49.0
"HD 80606" b 140.65654 50.603722 66.6
"HD 81040" b 140.946198 20.364454 34.47
"HD 81688" b 142.166626 45.601482 85.92
"HD 82943" b 143.711395 -12.129546 27.61
"HD 82943" c 143.711395 -12.129546 27.61
