k2_table.ecsv
# %ECSV 0.9
# ---
# datatype:
# - {name: pl_hostname, datatype: string}
# - {name: pl_letter, datatype: string}
# - {name: ra, unit: deg, datatype: float64}
# - {name: dec, unit: deg, datatype: float64}
# - {name: st_dist, unit: pc, datatype: float64}
# meta: !!omap
# - __serialized_columns__:
#     dec:
#       __class__: astropy.units.quantity.Quantity
#       value: !astropy.table.SerializedColumn {name: dec}
#     ra:
#       __class__: astropy.units.quantity.Quantity
#       value: !astropy.table.SerializedColumn {name: ra}
#     st_dist:
#       __class__: astropy.units.quantity.Quantity
#       value: !astropy.table.SerializedColumn {name: st_dist}
# schema: astropy-2.0
pl_hostname pl_letter ra dec st_dist
[from data line 2001]
Kepler-1231 b 288.588357 42.605659 948.0
Kepler-1232 b 296.550043 49.102322 740.0
Kepler-1233 b 297.375101 46.662216 1281.0
Kepler-1234 b 287.522025 51.37586 866.0
Kepler-1235 b 284.903015 43.95396 533.0
Kepler-1236 b 295.624706 42.545898 1078.0
Kepler-1237 b 295.629266 44.69062 1121.0
Kepler-1238 b 297.905795 40.162858 1533.0
Kepler-1239 b 293.127381 42.320103 2511.0
Kepler-1240 b 282.999715 40.55745 614.0
Kepler-1241 b 294.576248 38.456974 936.0
Kepler-1242 b 284.60621 41.196384 682.0
Kepler-1243 b 294.009462 42.880772 877.0
Kepler-1244 b 282.301216 46.516201 764.0
Kepler-1245 b 290.744327 43.260777 861.0
Kepler-1245 c 290.744327 43.260777 861.0
Kepler-1246 b 287.657402 48.982166 435.0
Kepler-1247 b 294.533553 46.618271 1094.0
Kepler-1248 b 288.059319 51.354454 540.0
Kepler-1249 b 296.894856 44.37178 1674.0
Kepler-1250 b 287.793862 45.98024 1371.0
Kepler-1251 b 292.115153 49.256428 863.0
Kepler-1252 b 298.950318 46.692799 828.0
Kepler-1253 b 283.885115 47.637222 390.0
Kepler-1254 b 285.173326 48.770042 676.0
Kepler-1254 c 285.173326 48.770042 676.0
Kepler-766 b 293.184531 37.969851 1614.0
Kepler-767 b 291.579173 38.035828 1185.0
Kepler-768 b 294.115656 38.393485 795.0
Kepler-769 b 292.713101 38.358213 1362.0
Kepler-769 c 292.713101 38.358213 1362.0
Kepler-770 b 286.490428 38.374907 761.0
Kepler-770 c 286.490428 38.374907 761.0
Kepler-770 d 286.490428 38.374907 761.0
Kepler-771 b 287.44409 38.088431 1000.0
Kepler-772 b 291.423583 38.216591 689.0
Kepler-773 b 290.884667 38.057567 528.0
Kepler-774 b 291.03193 38.211956 1190.0
Kepler-775 b 291.433297 41.703438 400.0
Kepler-776 b 287.27264 41.635559 727.0
Kepler-777 b 282.724059 44.346478 383.0
Kepler-778 b 287.477437 44.237514 899.0
Kepler-779 b 285.628532 44.310889 224.0
Kepler-780 b 281.766389 44.292549 520.0
Kepler-271 d 283.00298 44.284233 418.0
Kepler-781 b 287.653619 47.414811 1036.0
Kepler-782 b 288.868231 47.759434 412.0
Kepler-783 b 291.062936 47.484803 544.0
Kepler-784 b 295.920663 47.448616 604.0
Kepler-785 b 292.068304 38.842261 666.0
Kepler-786 b 293.743938 38.939276 512.0
Kepler-787 b 291.692465 38.572907 468.0
Kepler-788 b 290.000414 38.539892 1649.0
Kepler-789 b 295.975153 38.946652 915.0
Kepler-790 b 286.917117 38.872221 727.0
Kepler-382 b 299.136166 45.869934 684.0
Kepler-382 c 299.136166 45.869934 684.0
Kepler-383 b 291.342584 38.363134 470.0
Kepler-383 c 291.342584 38.363134 470.0
Kepler-384 b 286.026112 44.782871 559.0
Kepler-384 c 286.026112 44.782871 559.0
Kepler-385 b 294.338483 50.336544 1550.0
Kepler-385 c 294.338483 50.336544 1550.0
Kepler-386 b 289.858871 48.693855 847.0
Kepler-386 c 289.858871 48.693855 847.0
Kepler-387 b 287.798184 45.656715 714.0
Kepler-387 c 287.798184 45.656715 714.0
Kepler-388 b 284.828038 44.60873 425.0
Kepler-388 c 284.828038 44.60873 425.0
Kepler-389 b 291.960005 44.900024 977.0
Kepler-389 c 291.960005 44.900024 977.0
Kepler-390 b 291.628777 41.208603 435.0
Kepler-390 c 291.628777 41.208603 435.0
Kepler-391 b 290.621815 51.057304 1064.0
Kepler-391 c 290.621815 51.057304 1064.0
Kepler-392 b 288.660765 43.368084 673.0
Kepler-392 c 288.660765 43.368084 673.0
Kepler-393 b 290.995257 45.192215 789.0
Kepler-393 c 290.995257 45.192215 789.0
Kepler-394 b 296.301953 50.672318 1297.0
Kepler-394 c 296.301953 50.672318 1297.0
Kepler-1559 b 292.28658 42.072456 580.0
Kepler-1560 b 292.784608 43.215984 529.0
Kepler-1561 b 296.923604 43.566467 993.0
Kepler-1562 b 294.455709 46.743614 1315.0
Kepler-1563 b 288.573588 51.472755 547.0
Kepler-1564 b 290.586124 46.642689 872.0
Kepler-1565 b 297.952967 40.806808 657.0
Kepler-1566 b 283.587614 40.574927 511.0
Kepler-1567 b 286.6952 40.291819 1226.0
Kepler-1568 b 289.182664 47.873383 883.0
Kepler-1569 b 292.204706 37.22122 1050.0
Kepler-1570 b 299.861833 45.827354 463.0
Kepler-1571 b 300.935406 45.596546 802.0
Kepler-1572 b 281.897275 46.722633 600.0
Kepler-1573 b 292.988348 49.48497 1180.0
Kepler-1574 b 292.158664 49.63776 1275.0
Kepler-1575 b 293.74325 45.761597 1170.0
Kepler-1576 b 289.073975 40.366015 539.0
Kepler-1577 b 292.955275 47.573105 543.0
Kepler-1578 b 288.302 47.775555 1016.0
Kepler-1579 b 293.288009 43.514988 466.0
Kepler-1580 b 285.968722 41.363559 872.0
Kepler-1581 b 287.371261 39.603581 443.0
Kepler-1582 b 289.37665 41.158613 112.0
Kepler-1583 b 286.386934 47.016628 357.0
Kepler-1584 b 287.762683 43.274429 1325.0
Kepler-1585 b 296.159005 44.563114 1269.0
Kepler-1586 b 298.202609 44.925827 864.0
Kepler-1587 b 292.677726 49.66391 907.0
Kepler-1254 d 285.173326 48.770042 676.0
Kepler-1255 b 295.239275 42.726479 1344.0
Kepler-1256 b 291.474304 44.683514 862.0
Kepler-1257 b 296.075676 45.627056 1081.0
Kepler-1258 b 285.404941 49.994747 651.0
Kepler-1259 b 297.841489 46.967682 704.0
Kepler-1260 b 295.591254 42.555241 1041.0
Kepler-1261 b 285.23245 48.806721 795.0
Kepler-1262 b 288.771814 42.213219 1153.0
Kepler-1263 b 286.483651 46.752617 695.0
Kepler-1264 b 289.884378 45.211502 814.0
Kepler-1265 b 284.585789 47.079533 581.0
Kepler-1266 b 285.869287 42.728096 901.0
Kepler-1267 b 299.169533 43.441094 1628.0
Kepler-1268 b 287.838481 43.153236 1406.0
Kepler-436 c 301.720753 44.412063 618.0
Kepler-1269 b 287.805581 45.340549 710.0
Kepler-1270 b 286.715634 48.645279 1204.0
Kepler-1271 b 286.344287 37.411973 885.0
Kepler-1272 b 285.219843 38.805878 896.0
Kepler-1273 b 285.803226 44.873428 1355.0
Kepler-1274 b 284.593715 46.449776 609.0
HATS-17 b 192.189799 -47.613693 339.0
TRAPPIST-1 b 346.622013 -5.041274 12.1
TRAPPIST-1 c 346.622013 -5.041274 12.1
TRAPPIST-1 d 346.622013 -5.041274 12.1
K2-34 b 127.578773 22.235909 352.34
Kepler-461 b 292.249069 46.164867 468.0
Kepler-791 b 293.595841 39.029477 1447.0
Kepler-792 b 292.006813 38.820733 1205.0
Kepler-793 b 295.21664 38.774343 794.0
Kepler-794 b 288.133701 38.996881 763.0
Kepler-795 b 291.019046 38.54558 458.0
Kepler-796 b 287.307857 39.144731 377.0
Kepler-797 b 297.208965 41.781708 752.0
Kepler-798 b 292.478209 42.142291 1085.0
Kepler-799 b 287.174894 44.878571 1029.0
Kepler-800 b 286.574823 44.795204 1049.0
Kepler-801 b 286.075243 44.664639 419.0
Kepler-802 b 286.015855 45.007767 828.0
Kepler-803 b 299.221605 44.693874 615.0
Kepler-804 b 293.37227 44.785137 648.0
Kepler-804 c 293.37227 44.785137 648.0
Kepler-805 b 293.229945 45.053314 657.0
Kepler-806 b 296.007043 44.853443 260.0
Kepler-807 b 289.020172 48.119812 1312.0
Kepler-808 b 291.59409 48.445614 321.0
Kepler-809 b 289.083643 48.018131 933.0
Kepler-810 b 296.614859 48.082645 1554.0
Kepler-811 b 285.424273 47.834614 847.0
Kepler-812 b 288.85529 48.208538 1482.0
Kepler-813 b 285.662694 48.435371 840.0
Kepler-814 b 284.910486 48.431644 1327.0
Kepler-815 b 285.22111 47.881382 1199.0
Kepler-816 b 293.362842 39.212452 1059.0
Kepler-817 b 296.081856 39.161617 1401.0
"HIP 65891" b 202.605301 -58.664356 136.05
Kepler-395 b 293.511099 45.136598 360.0
Kepler-395 c 293.511099 45.136598 360.0
Kepler-396 b 296.132818 48.977402 233.0
Kepler-396 c 296.132818 48.977402 233.0
Kepler-397 b 295.894109 42.380451 969.0
Kepler-397 c 295.894109 42.380451 969.0
Kepler-398 b 291.468662 40.343853 185.0
Kepler-398 c 291.468662 40.343853 185.0
Kepler-399 b 299.501738 40.670806 699.0
Kepler-399 c 299.501738 40.670806 699.0
Kepler-399 d 299.501738 40.670806 699.0
Kepler-400 b 290.944481 40.480035 709.0
Kepler-400 c 290.944481 40.480035 709.0
Kepler-401 b 290.082749 50.863483 739.0
Kepler-401 c 290.082749 50.863483 739.0
Kepler-402 b 288.370225 43.35461 720.0
Kepler-402 c 288.370225 43.35461 720.0
Kepler-402 d 288.370225 43.35461 720.0
Kepler-402 e 288.370225 43.35461 720.0
Kepler-403 b 289.921461 46.74456 671.0
Kepler-403 c 289.921461 46.74456 671.0
Kepler-404 b 286.398631 45.343533 812.43
Kepler-404 c 286.398631 45.343533 812.43
Kepler-405 b 291.409458 38.34003 1226.0
Kepler-405 c 291.409458 38.34003 1226.0
Kepler-406 b 291.848044 44.968224 331.0
"HD 30177" c 70.476555 -58.020756 55.68
"HIP 41378" e 126.616043 10.080378 106.61
"HIP 41378" f 126.616043 10.080378 106.61
"NGC 2682 YBP 401" b 132.82936 11.67102 851.36
OGLE-2015-BLG-0954L b 270.184333 -28.660889 600.0
K2-42 b 176.665726 -5.171913 401.36
K2-43 b 169.117142 -3.97544 183.48
K2-44 b 174.011627 -2.520881 483.19
K2-45 b 169.632874 -1.77413 502.34
K2-46 b 174.266342 -0.907261 454.93
K2-47 b 168.582596 2.780711 353.38
K2-48 b 176.12355 3.272425 316.61
K2-49 b 177.320206 3.475569 463.06
K2-50 b 169.483627 5.988378 259.33
K2-52 b 246.61142 -24.969948 1064.53
K2-53 b 244.141815 -20.400534 138.56
K2-54 b 338.054199 -17.543995 175.84
K2-55 b 333.751923 -17.250708 160.26
K2-57 b 342.691711 -14.069886 266.23
K2-58 b 333.821808 -14.049808 182.69
K2-58 c 333.821808 -14.049808 182.69
K2-58 d 333.821808 -14.049808 182.69
K2-59 b 338.942352 -14.027745 314.09
K2-59 c 338.942352 -14.027745 314.09
K2-60 b 338.606171 -13.731702 498.7
K2-61 b 339.674744 -13.560024 410.35
K2-62 b 334.364166 -12.187498 112.83
K2-62 c 334.364166 -12.187498 112.83
K2-63 b 333.426666 -12.066374 524.41
K2-64 b 332.413605 -11.428742 506.87
K2-65 b 333.211761 -10.925379 78.06
Kepler-462 b 299.821155 43.814274 733.0
Kepler-463 b 298.937046 44.85791 336.0
Kepler-464 b 294.835173 48.982361 653.0
Kepler-465 b 284.55572 46.063828 587.0
Kepler-466 b 295.648711 48.495564 436.0
Kepler-466 c 295.648711 48.495564 436.0
Kepler-467 b 287.362816 38.649619 458.0
Kepler-468 b 288.90224 49.370487 474.0
Kepler-470 b 297.00944 50.372314 989.0
Kepler-471 b 299.09754 43.497593 1373.0
Kepler-472 b 296.524306 39.249776 302.0
Kepler-473 b 286.630094 38.945605 641.0
Kepler-474 b 292.321516 43.881168 568.0
Kepler-475 b 287.051707 40.211542 280.0
Kepler-476 b 295.163817 43.963047 687.0
Kepler-477 b 288.067594 42.355367 367.0
Kepler-478 b 292.486944 46.196213 420.0
Kepler-479 b 291.021852 37.769803 371.0
Kepler-480 b 294.4639 49.765047 806.0
Kepler-481 b 291.907032 49.262054 713.0
Kepler-482 b 296.822898 48.107555 290.0
Kepler-483 b 291.646758 41.884663 953.0
"KIC 9663113" c 297.045421 46.328701 1594.34
Kepler-484 b 284.394304 46.249081 377.0
Kepler-485 b 294.996313 50.470066 1173.0
Kepler-486 b 284.879964 49.266994 428.0
Kepler-487 b 295.287222 41.22197 835.0
Kepler-487 c 295.287222 41.22197 835.0
"HIP 107773" b 327.500519 -64.71254 103.63
KELT-7 b 78.295532 33.318165 129.0
Kepler-453 b 283.241297 46.378471 442.69
WASP-74 b 304.538823 -1.075676 120.0
WASP-83 b 190.152085 -19.284243 300.0
WASP-89 b 313.899962 -18.971106 293.38
OGLE-2015-BLG-0966L b 268.75425 -29.047111 2500.0
Kepler-237 c 283.221387 40.421834 647.0
Kepler-238 b 287.897113 40.637815 1369.0
Kepler-238 c 287.897113 40.637815 1369.0
Kepler-238 d 287.897113 40.637815 1369.0
Kepler-238 e 287.897113 40.637815 1369.0
Kepler-238 f 287.897113 40.637815 1369.0
Kepler-239 b 294.202137 40.663406 658.0
Kepler-239 c 294.202137 40.663406 658.0
Kepler-240 b 291.158774 40.750263 738.0
Kepler-240 c 291.158774 40.750263 738.0
Kepler-241 b 292.913118 41.060921 512.0
Kepler-241 c 292.913118 41.060921 512.0
Kepler-242 b 286.565695 41.808403 670.0
Kepler-242 c 286.565695 41.808403 670.0
Kepler-243 b 285.11047 42.033958 669.0
Kepler-243 c 285.11047 42.033958 669.0
Kepler-244 b 287.24268 42.301369 928.0
Kepler-244 c 287.24268 42.301369 928.0
Kepler-244 d 287.24268 42.301369 928.0
Kepler-245 b 291.638965 42.436317 866.0
Kepler-406 c 291.848044 44.968224 331.0
Kepler-407 b 286.036347 49.614506 338.29
Kepler-407 c 286.036347 49.614506 338.29
Kepler-408 b 284.786175 48.423233 89.0
Kepler-409 b 293.67919 46.852764 69.0
"Kepler-410 A" b 283.150698 45.139832 132.0
Kepler-411 b 287.605582 49.523262 153.0
Kepler-412 b 286.110327 43.680958 1056.0
Kepler-413 b 288.51062 51.162472 848.13
Kepler-414 b 297.961566 48.244362 440.0
Kepler-414 c 297.961566 48.244362 440.0
Kepler-415 b 293.804434 38.639131 617.0
Kepler-415 c 293.804434 38.639131 617.0
Kepler-416 b 291.556965 39.227287 711.0
Kepler-416 c 291.556965 39.227287 711.0
Kepler-417 b 293.824314 42.779705 981.0
Kepler-417 c 293.824314 42.779705 981.0
Kepler-418 b 294.433512 38.35545 1017.0
Kepler-419 b 295.417899 51.184765 872.0
Kepler-419 c 295.417899 51.184765 872.0
KOI-1257 b 291.22518 44.927383 900.0
Kepler-421 b 283.256822 45.087776 320.0
Kepler-422 b 282.629656 46.323357 692.0
Kepler-423 b 292.855742 46.391178 725.0
Kepler-424 b 298.62489 48.577454 698.39
Kepler-424 c 298.62489 48.577454 698.39
Kepler-425 b 290.358009 40.567738 650.0
Kepler-426 b 289.434628 49.4734 880.0
Kepler-427 b 288.25458 43.704868 1100.0
Kepler-1588 b 288.232715 48.002178 658.0
Kepler-1589 b 294.441792 40.571686 1418.0
Kepler-1590 b 291.407812 48.017891 900.0
Kepler-1591 b 296.516659 44.608608 1090.0
Kepler-1592 b 293.850646 38.397749 1349.0
Kepler-1593 b 300.48818 44.46067 755.0
Kepler-1594 b 293.62309 47.961914 1100.0
Kepler-1595 b 285.722721 43.00948 841.0
Kepler-1596 b 285.557511 49.330074 1166.0
Kepler-1597 b 288.163973 42.481083 1255.0
Kepler-1598 b 288.469102 46.78368 734.0
Kepler-1599 b 286.220889 41.151251 1004.0
Kepler-1600 b 291.399384 38.787752 992.0
Kepler-1601 b 285.512943 38.079748 660.0
Kepler-1602 b 293.580858 40.427478 815.0
Kepler-1603 b 295.329843 42.534966 1751.0
Kepler-1604 b 285.410633 44.412212 562.0
Kepler-1605 b 287.134895 47.488621 224.0
Kepler-1606 b 286.378264 43.07325 880.0
Kepler-1607 b 296.059869 42.656051 735.0
Kepler-1608 b 295.563558 39.417606 832.0
Kepler-1609 b 290.146555 39.665821 1483.0
Kepler-1610 b 295.90501 45.405434 1063.0
Kepler-1611 b 296.512049 49.727764 686.0
Kepler-1612 b 291.250279 45.655075 837.0
Kepler-1613 b 289.875041 43.420963 855.0
Kepler-1614 b 284.871334 49.775913 982.0
Kepler-1615 b 286.359226 42.227478 940.0
Kepler-1616 b 286.543637 45.304874 862.0
Kepler-488 b 282.966173 48.34507 1157.0
Kepler-489 b 290.833158 38.184334 379.0
Kepler-490 b 295.025677 46.956005 1249.0
Kepler-491 b 287.130575 42.350155 657.0
Kepler-492 b 295.496656 42.537888 642.0
Kepler-493 b 295.30754 38.881639 1942.0
Kepler-494 b 297.214089 41.664039 862.0
Kepler-495 b 285.930707 39.098134 630.0
Kepler-496 b 291.640896 41.241049 655.0
Kepler-497 b 290.765882 38.927952 1070.0
Kepler-498 b 290.358128 44.518753 746.0
Kepler-499 b 295.109945 43.915207 523.0
Kepler-500 b 295.951366 43.852051 747.0
Kepler-501 b 297.201554 41.730206 1044.0
Kepler-502 b 291.08013 43.860203 1433.0
Kepler-504 b 284.921843 45.972398 75.0
Kepler-505 b 287.858119 42.542629 222.0
Kepler-506 b 284.635187 40.719832 231.0
Kepler-157 d 291.097225 38.875609 749.0
Kepler-555 b 285.516852 38.932408 772.0
Kepler-556 b 290.529444 38.942671 729.0
Kepler-557 b 293.708458 41.615135 1126.0
Kepler-558 b 284.657888 42.652676 652.0
Kepler-559 b 296.636834 43.802792 793.0
Kepler-560 b 300.206095 45.018147 88.0
Kepler-561 b 293.747096 45.10722 667.0
Kepler-561 c 293.747096 45.10722 667.0
Kepler-562 b 290.119627 46.273811 822.0
Kepler-245 c 291.638965 42.436317 866.0
Kepler-245 d 291.638965 42.436317 866.0
Kepler-246 b 296.483427 42.663429 736.0
Kepler-246 c 296.483427 42.663429 736.0
Kepler-247 b 288.642531 43.039291 667.0
Kepler-247 c 288.642531 43.039291 667.0
Kepler-247 d 288.642531 43.039291 667.0
Kepler-248 b 293.061384 43.581356 800.0
Kepler-248 c 293.061384 43.581356 800.0
Kepler-249 b 296.985068 43.658524 133.0
Kepler-249 c 296.985068 43.658524 133.0
Kepler-249 d 296.985068 43.658524 133.0
Kepler-250 b 289.594765 44.141953 788.0
Kepler-250 c 289.594765 44.141953 788.0
Kepler-250 d 289.594765 44.141953 788.0
Kepler-251 b 296.566237 44.105865 1014.0
Kepler-251 c 296.566237 44.105865 1014.0
Kepler-251 d 296.566237 44.105865 1014.0
Kepler-251 e 296.566237 44.105865 1014.0
Kepler-252 b 295.579345 44.545963 391.0
Kepler-252 c 295.579345 44.545963 391.0
Kepler-253 b 291.841992 44.858089 849.0
Kepler-253 c 291.841992 44.858089 849.0
Kepler-253 d 291.841992 44.858089 849.0
Kepler-254 b 288.164701 45.816504 1366.0
Kepler-428 b 290.581722 40.5774 720.0
"KIC 10001893" b 287.389188 46.984489 1758.47
"KIC 10001893" c 287.389188 46.984489 1758.47
"KIC 10001893" d 287.389188 46.984489 1758.47
Kepler-430 b 292.808636 49.579445 816.0
Kepler-430 c 292.808636 49.579445 816.0
Kepler-431 b 281.112335 43.227789 427.0
