k2_table.ecsv
# %ECSV 0.9
# ---
# datatype:
# - {name: pl_hostname, datatype: string}
# - {name: pl_letter, datatype: string}
# - {name: ra, unit: deg, datatype: float64}
# - {name: dec, unit: deg, datatype: float64}
# - {name: st_dist, unit: pc, datatype: float64}
# meta: !!omap
# - __serialized_columns__:
#     dec:
#       __class__: astropy.units.quantity.Quantity
#       value: !astropy.table.SerializedColumn {name: dec}
#     ra:
#       __class__: astropy.units.quantity.Quantity
#       value: !astropy.table.SerializedColumn {name: ra}
#     st_dist:
#       __class__: astropy.units.quantity.Quantity
#       value: !astropy.table.SerializedColumn {name: st_dist}
# schema: astropy-2.0
pl_hostname pl_letter ra dec st_dist
[from data line 795]
"HIP 70849" b 217.327347 -46.463818 24.07
"HD 183263" c 292.102386 8.358054 54.28
"HD 185269" b 294.29892 28.499865 52.07
"HD 187085" b 297.391541 -37.780552 45.96
"HD 187123" b 296.742126 34.419525 46.02
"HD 187123" c 296.742126 34.419525 46.02
"HD 188015" b 298.018921 28.100376 50.74
"HD 189733" b 300.182129 22.710854 19.78
"HD 190360" b 300.905853 29.896805 16.01
"HD 190360" c 300.905853 29.896805 16.01
"HD 190647" b 301.83197 -35.538631 54.56
"HD 190984" b 302.877991 -64.620468 148.81
"BD-08 2823" b 150.198837 -9.51668 41.38
"BD-08 2823" c 150.198837 -9.51668 41.38
"BD-06 1339" b 88.251183 -5.994844 20.28
"BD-06 1339" c 88.251183 -5.994844 20.28
"BD+14 4559" b 318.399963 14.689387 49.42
"BD+15 2940" b 240.095566 15.54693 431.61
"BD+20 274" b 25.920324 21.005314 1383.85
"BD+20 2457" b 154.18691 19.891409 200.0
"BD+20 2457" c 154.18691 19.891409 200.0
"HD 164595" b 270.162048 29.571922 28.28
HAT-P-57 b 274.743421 10.597294 303.0
HAT-P-50 b 118.063411 12.13941 497.0
HAT-P-51 b 21.06519 32.810764 470.0
HAT-P-52 b 42.721679 29.022396 385.0
HAT-P-53 b 21.871105 38.968147 719.0
"HD 1461" c 4.674448 -8.053001 23.47
"HD 204313" c 322.050873 -21.726255 47.86
"KIC 3558849" b 294.949847 38.605197 1215.64
"KIC 5951458" b 288.991582 41.223038 742.54
KOI-7892 b 282.37753 44.694592 1072.12
KOI-7892 c 282.37753 44.694592 1072.12
"KIC 9663113" b 297.045421 46.328701 1594.34
"KIC 10525077" b 287.378077 47.771187 1464.12
"KIC 5437945" b 288.474857 40.651357 848.0
K2-25 b 63.273434 15.247763 45.01
"HD 32963" b 76.982353 26.327963 38.12
"TYC 3667-1280-1" b 12.887344 58.426167 481.0
Kepler-1076 b 287.590098 51.060574 199.0
Kepler-1077 b 291.033636 42.26786 1098.0
Kepler-1078 b 293.200589 43.050037 1215.0
Kepler-1079 b 299.549499 45.769753 481.0
Kepler-1080 b 296.464522 49.182915 688.0
Kepler-1081 b 289.44452 41.317757 425.0
Kepler-1082 b 289.358672 50.598484 628.0
Kepler-1083 b 283.161951 45.198315 912.0
Kepler-1084 b 290.101971 48.251137 427.0
Kepler-1085 b 287.477648 46.141186 1518.0
Kepler-1086 b 295.251155 45.842972 464.0
Kepler-1086 c 295.251155 45.842972 464.0
Kepler-1087 b 294.978825 46.005653 354.0
Kepler-1088 b 281.561453 42.450504 300.0
Kepler-1089 b 291.092742 49.190059 227.0
Kepler-1090 b 295.662872 44.525845 702.0
Kepler-1091 b 299.785465 43.670753 915.0
Kepler-1092 b 297.72314 47.112659 914.0
Kepler-1093 b 284.978013 41.420166 848.0
Kepler-1093 c 284.978013 41.420166 848.0
Kepler-1094 b 292.301253 38.267041 1371.0
Kepler-1095 b 293.262447 41.365114 758.0
Kepler-1096 b 294.70938 45.969501 344.0
Kepler-1097 b 281.594148 42.596416 738.0
Kepler-1098 b 295.502705 43.232796 876.0
Kepler-1099 b 288.749962 48.277176 1209.0
Kepler-1100 b 291.871356 44.087376 940.0
Kepler-1101 b 294.569379 45.671257 897.0
Kepler-208 b 293.890206 42.528008 856.0
Kepler-208 c 293.890206 42.528008 856.0
Kepler-208 d 293.890206 42.528008 856.0
Kepler-208 e 293.890206 42.528008 856.0
Kepler-209 b 291.169537 42.640812 584.0
Kepler-209 c 291.169537 42.640812 584.0
Kepler-210 b 292.503389 43.083149 242.0
Kepler-210 c 292.503389 43.083149 242.0
Kepler-211 b 285.439151 43.168484 322.0
Kepler-211 c 285.439151 43.168484 322.0
Kepler-212 b 287.620834 43.141678 597.0
Kepler-212 c 287.620834 43.141678 597.0
Kepler-213 b 290.824182 44.647186 578.0
Kepler-213 c 290.824182 44.647186 578.0
HAT-P-36 b 188.266255 44.915352 317.0
HAT-P-37 b 284.296064 51.269138 411.0
HAT-P-38 b 35.383234 32.246151 249.0
HAT-P-39 b 113.758247 17.830082 642.0
HAT-P-40 b 335.512861 45.457378 501.0
HAT-P-41 b 297.322651 4.672421 344.0
HAT-P-42 b 135.344391 6.09723 447.0
HAT-P-43 b 128.925737 10.206653 542.0
HAT-P-44 b 213.144074 47.014687 363.0
HAT-P-44 c 213.144074 47.014687 363.0
HAT-P-45 b 274.373238 -3.381036 305.0
HAT-P-46 b 270.444201 -2.970947 296.0
"HD 192263" b 303.499359 -0.866877 19.65
"HD 192310" b 303.822449 -27.032976 8.8
"HD 192310" c 303.822449 -27.032976 8.8
"HD 192699" b 304.025024 4.580795 72.01
"HD 195019" b 307.077637 18.769497 37.71
"HD 196050" b 309.465454 -60.634483 50.75
"HD 196067" b 310.433716 -75.3508 39.98
"HD 196885" b 309.966156 11.249649 34.2
"HD 197037" b 309.887329 42.24855 33.0
"HD 200964" b 316.666016 3.803119 72.74
"HD 200964" c 316.666016 3.803119 72.74
"HD 202206" c 318.740692 -20.789209 45.5
"HD 203030" b 319.742584 26.230545 39.29
"HD 204313" b 322.050873 -21.726255 47.86
"HD 204941" b 323.097961 -20.957422 28.74
"HD 205739" b 324.535034 -31.737484 92.74
"HD 206610" b 325.85376 -7.408253 147.78
"HD 207832" b 328.151184 -26.02656 59.03
"HD 207832" c 328.151184 -26.02656 59.03
"HD 208527" b 329.099945 21.239859 314.48
"HD 208487" b 329.332703 -37.763622 44.0
"HD 209458" b 330.794891 18.884319 48.37
"HD 210277" b 332.374451 -7.548654 21.31
"HD 210702" b 332.963867 16.04055 54.28
"HD 212771" b 336.762787 -17.263659 111.51
Kepler-818 b 296.235105 39.370343 967.0
Kepler-819 b 295.370797 39.177218 722.0
Kepler-820 b 291.020145 39.220678 989.0
Kepler-821 b 285.617437 39.37953 619.0
Kepler-822 b 292.276118 39.550179 956.0
Kepler-823 b 284.582577 39.220204 896.0
Kepler-824 b 290.477412 39.732009 1352.0
Kepler-825 b 294.769908 39.398514 820.0
Kepler-825 c 294.769908 39.398514 820.0
Kepler-826 b 284.860139 39.240548 649.0
Kepler-827 b 294.966046 42.708569 1352.0
Kepler-828 b 286.887275 42.471256 625.0
Kepler-829 b 282.332793 42.463825 954.0
Kepler-830 b 295.054286 42.756847 1122.0
Kepler-831 b 294.985491 42.727669 577.0
Kepler-832 b 295.926094 45.383862 1346.0
Kepler-833 b 290.479954 45.6007 421.0
Kepler-834 b 287.054516 45.180374 620.0
Kepler-835 b 283.574233 45.734802 2011.0
Kepler-836 b 287.452778 45.704399 1003.0
Kepler-837 b 285.24667 45.950195 846.0
Kepler-838 b 285.435512 45.976021 1210.0
Kepler-839 b 291.074676 45.242584 833.0
Kepler-840 b 296.507394 49.457291 778.0
Kepler-841 b 284.251306 48.809612 1052.0
Kepler-842 b 292.328581 49.653538 552.0
Kepler-843 b 296.321994 48.971478 1247.0
Kepler-844 b 287.857729 48.774113 394.0
Kepler-978 b 286.710723 43.043453 624.0
Kepler-979 b 300.371281 46.408276 606.0
Kepler-980 b 294.613008 45.060169 804.0
Kepler-981 b 289.248907 47.650101 913.0
Kepler-982 b 288.41768 46.590427 702.0
Kepler-983 b 285.10406 45.008167 655.0
Kepler-984 b 296.958868 46.394127 461.0
Kepler-985 b 290.144308 44.049953 741.0
Kepler-986 b 293.094007 42.896431 563.0
Kepler-987 b 289.41107 46.130848 936.0
Kepler-988 b 290.708386 42.237251 248.0
Kepler-989 b 281.582909 47.233631 484.0
Kepler-990 b 297.938209 46.881393 933.0
Kepler-990 c 297.938209 46.881393 933.0
Kepler-991 b 297.090655 49.626572 370.0
Kepler-992 b 284.43028 47.641785 268.0
Kepler-993 b 292.614101 44.394661 298.0
Kepler-994 b 289.072225 47.40707 170.0
Kepler-995 b 284.615727 39.131038 659.0
Kepler-996 b 291.912789 41.533611 1098.0
Kepler-997 b 289.233369 49.938934 470.0
Kepler-998 b 296.754151 49.208744 996.0
Kepler-999 b 299.660466 46.198418 568.0
Kepler-1000 b 286.685523 47.098221 925.0
Kepler-1001 b 286.273871 48.618706 1009.0
Kepler-1002 b 293.079495 43.073715 425.0
Kepler-1003 b 292.020456 44.876217 873.0
HAT-P-49 b 305.441397 26.692652 322.0
HAT-P-54 b 99.898003 25.48254 144.25
HATS-1 b 175.525336 -23.354836 303.0
HATS-2 b 176.739094 -22.562992 360.0
HATS-3 b 312.45744 -24.428793 453.0
HATS-4 b 94.112075 -22.546885 420.0
HATS-5 b 67.222871 -21.481916 257.0
HATS-6 b 88.146797 -19.031656 148.4
"HD 142" b 1.579898 -49.075191 26.21
"HD 142" c 1.579898 -49.075191 26.21
"HD 564" b 2.470091 -50.267822 53.6
"HD 1461" b 4.674448 -8.053001 23.47
"HD 1502" b 4.82111 14.054755 191.96
"HD 1605" b 5.13133 30.974804 89.03
"HD 1605" c 5.13133 30.974804 89.03
"HD 1666" b 5.218085 -19.931225 118.31
"HD 1690" b 5.305497 -8.281169 769.37
"HD 2039" b 6.084491 -56.650047 85.9
"HD 2638" b 7.499466 -5.764002 55.05
"HD 2952" b 8.293311 54.894985 110.45
"HD 3651" b 9.840858 21.250473 11.1
"HD 4113" b 10.802486 -37.982632 41.92
"HD 4203" b 11.171676 20.448927 81.57
"HD 4203" c 11.171676 20.448927 81.57
"HD 4208" b 11.111043 -26.51568 34.23
"HD 4308" b 11.163615 -65.649521 22.03
"HIP 75458" b 231.232391 58.966064 31.67
"HIP 78530" b 240.481064 -21.980389 156.7
Kepler-18 b 298.079439 44.746321 507.0
Kepler-18 c 298.079439 44.746321 507.0
Kepler-18 d 298.079439 44.746321 507.0
Kepler-19 b 290.420839 37.851786 2119.0
Kepler-19 c 290.420839 37.851786 2119.0
Kepler-20 b 287.698004 42.338726 290.0
Kepler-20 c 287.698004 42.338726 290.0
Kepler-20 d 287.698004 42.338726 290.0
Kepler-20 e 287.698004 42.338726 290.0
Kepler-20 f 287.698004 42.338726 290.0
Kepler-21 b 287.361816 38.714016 113.0
Kepler-22 b 289.217484 47.884464 190.0
Kepler-23 b 294.218924 49.479225 800.0
Kepler-23 c 294.218924 49.479225 800.0
Kepler-23 d 294.218924 49.479225 800.0
Kepler-24 b 290.413267 38.343754 1200.0
Kepler-24 c 290.413267 38.343754 1200.0
Kepler-24 d 290.413267 38.343754 1200.0
Kepler-24 e 290.413267 38.343754 1200.0
Kepler-25 b 286.638393 39.487894 244.96
Kepler-25 c 286.638393 39.487894 244.96
Kepler-25 d 286.638393 39.487894 244.96
Kepler-26 b 284.940997 46.56654 339.0
Kepler-845 b 290.957565 49.203812 471.0
Kepler-846 b 287.057016 49.046021 1233.0
Kepler-847 b 283.504798 49.451015 529.0
Kepler-848 b 293.288273 48.811619 797.0
Kepler-849 b 290.851779 48.521339 747.0
Kepler-850 b 293.084462 48.57539 1535.0
Kepler-851 b 294.680286 49.14016 869.0
Kepler-852 b 297.391593 48.560692 854.0
Kepler-853 b 283.936824 49.110325 610.0
Kepler-854 b 293.351293 43.13464 741.0
Kepler-855 b 295.09499 43.537586 1043.0
Kepler-856 b 289.603836 46.314953 1175.0
Kepler-857 b 294.632389 43.400467 1039.0
Kepler-858 b 288.848631 51.209049 296.0
Kepler-859 b 286.741873 43.190108 915.0
Kepler-860 b 295.577265 46.254742 1295.0
Kepler-861 b 292.353929 46.22628 806.0
Kepler-862 b 297.779266 46.492741 806.0
Kepler-863 b 297.664523 43.248962 1145.0
Kepler-864 b 285.057092 46.320675 1573.0
Kepler-865 b 297.724283 43.527435 664.0
Kepler-866 b 290.122337 43.08556 690.0
Kepler-867 b 287.285313 51.249981 824.0
Kepler-868 b 282.363512 46.67524 1269.0
Kepler-869 b 289.424591 50.994122 957.0
Kepler-870 b 295.402544 50.478634 1231.0
Kepler-871 b 294.52711 43.36816 1695.0
Kepler-872 b 295.417461 43.60564 1114.0
Kepler-1030 b 293.681915 45.817559 795.0
Kepler-1031 b 296.089747 48.955376 741.0
Kepler-1032 b 289.930872 40.097751 607.0
Kepler-1033 b 283.845142 44.609093 1425.0
Kepler-1034 b 286.115368 37.966997 706.0
"HD 175607" b 285.272858 -66.19268 45.27
"HD 219134" f 348.32074 57.168354 6.55
"HD 219134" g 348.32074 57.168354 6.55
"HD 219134" h 348.32074 57.168354 6.55
K2-26 b 94.206581 24.596411 99.33
Kepler-1035 b 289.042225 42.882488 408.0
Kepler-1036 b 295.181638 49.945786 507.0
Kepler-1037 b 296.341029 47.170856 451.0
Kepler-1038 b 298.972184 44.132378 622.0
Kepler-1039 b 298.326591 45.315514 324.0
Kepler-1040 b 283.113784 48.131393 473.0
Kepler-1041 b 293.881768 49.683155 979.0
Kepler-1042 b 288.668933 39.824006 659.0
Kepler-1043 b 281.662983 47.568584 838.0
Kepler-1044 b 293.144456 46.666237 1507.0
Kepler-1045 b 284.183296 45.074104 971.0
Kepler-1046 b 296.755759 46.998291 518.0
Kepler-1047 b 288.646254 50.788982 566.0
Kepler-1047 c 288.646254 50.788982 566.0
Kepler-1048 b 281.898352 42.165787 415.0
Kepler-1049 b 287.346741 47.772957 129.0
Kepler-1050 b 282.924996 48.626392 555.0
Kepler-1050 c 282.924996 48.626392 555.0
"HD 4313" b 11.41816 7.845021 136.82
"HD 4732" b 12.308117 -24.136671 54.87
"HD 4732" c 12.308117 -24.136671 54.87
"HD 5319" b 13.755836 0.789553 114.0
"HD 5319" c 13.755836 0.789553 114.0
"HD 5608" b 14.559246 33.950886 58.21
"HD 5891" b 15.1383 20.292484 285.75
"HD 6434" b 16.167295 -39.488216 42.41
"HD 6718" b 16.952761 -8.233706 54.9
"HD 7199" b 17.696762 -66.188164 36.19
"HD 7449" b 18.622173 -5.047387 38.71
"HD 7924" b 20.496313 76.710281 16.82
"HD 7924" c 20.496313 76.710281 16.82
"HD 7924" d 20.496313 76.710281 16.82
"HD 8535" b 20.905149 -41.269802 52.5
"HD 8574" b 21.302153 28.566692 44.2
"HD 8673" b 21.536604 34.5797 37.9
"HD 9446" b 23.334101 29.265148 50.42
"HD 9446" c 23.334101 29.265148 50.42
"HD 10180" c 24.473234 -60.511528 39.02
"HD 10180" d 24.473234 -60.511528 39.02
"HD 10180" e 24.473234 -60.511528 39.02
"HD 10180" f 24.473234 -60.511528 39.02
"HD 10180" g 24.473234 -60.511528 39.02
"HD 10180" h 24.473234 -60.511528 39.02
"HD 10442" b 25.471457 2.704376 135.89
Kepler-26 c 284.940997 46.56654 339.0
Kepler-26 d 284.940997 46.56654 339.0
Kepler-26 e 284.940997 46.56654 339.0
Kepler-27 b 292.236769 41.085876 1140.0
Kepler-27 c 292.236769 41.085876 1140.0
Kepler-28 b 292.137029 42.42942 472.0
Kepler-28 c 292.137029 42.42942 472.0
Kepler-29 b 298.348324 47.491226 1400.0
Kepler-29 c 298.348324 47.491226 1400.0
Kepler-30 b 285.283636 38.947281 1400.0
Kepler-30 c 285.283636 38.947281 1400.0
Kepler-30 d 285.283636 38.947281 1400.0
Kepler-31 b 294.023014 45.853081 2100.0
Kepler-31 c 294.023014 45.853081 2100.0
Kepler-31 d 294.023014 45.853081 2100.0
Kepler-32 b 297.842398 46.574281 303.0
Kepler-32 c 297.842398 46.574281 303.0
Kepler-32 d 297.842398 46.574281 303.0
Kepler-32 e 297.842398 46.574281 303.0
Kepler-32 f 297.842398 46.574281 303.0
Kepler-33 b 289.077548 46.005222 1113.0
Kepler-33 c 289.077548 46.005222 1113.0
"HIP 79431" b 243.174057 -18.875504 14.54
"HIP 91258" b 279.221466 61.702503 45.95
"HIP 97233" b 296.421967 -0.696645 106.5
Kepler-873 b 296.403212 51.271339 1397.0
Kepler-874 b 294.95686 43.014328 1072.0
Kepler-875 b 297.3013 43.141888 1244.0
Kepler-876 b 283.478199 43.383781 735.0
Kepler-877 b 289.859129 46.522667 572.0
Kepler-878 b 285.296197 46.603439 567.0
Kepler-879 b 295.806573 50.909798 772.0
Kepler-880 b 281.971245 43.672771 673.0
Kepler-881 b 288.992588 46.670753 1364.0
Kepler-882 b 294.649885 43.335587 525.0
Kepler-883 b 286.433673 50.300327 549.0
Kepler-884 b 292.584443 49.923161 420.0
HATS-13 b 316.961465 -26.096655 476.0
HATS-14 b 313.215479 -25.687334 513.0
OGLE-2012-BLG-0563L b 271.4905 -27.712 1300.0
"HD 95872" b 165.867114 -22.093977 7.56
"psi 1 Dra B" b 265.492096 72.156914 22.16
"HD 5583" b 14.486255 34.985561 221.0
"BD+15 2375" b 176.482174 14.616381 774.0
K2-29 b 62.670647 24.402042 179.39
MOA-2011-BLG-028L b 270.854 -29.213417 7380.0
KELT-10 b 284.548373 -47.003242 183.0
OGLE-2012-BLG-0724L b 268.968292 -29.818528 6700.0
Kepler-885 b 288.661559 49.737206 632.0
Kepler-886 b 286.271745 43.595234 857.0
Kepler-887 b 290.090807 39.816989 831.0
Kepler-887 c 290.090807 39.816989 831.0
"GJ 163" b 62.315273 -53.373699 15.14
"GJ 163" c 62.315273 -53.373699 15.14
"GJ 163" d 62.315273 -53.373699 15.14
"GJ 179" b 73.023865 6.476539 12.36
"GJ 317" b 130.24673 -23.456289 15.1
"GJ 328" b 133.781754 1.546508 20.54
"GJ 433" b 173.862289 -32.53997 9.07
"GJ 436" b 175.546219 26.70657 9.76
"GJ 504" b 199.193817 9.424156 17.54
"GJ 581" b 229.861771 -7.72228 6.3
"GJ 581" c 229.861771 -7.72228 6.3
"GJ 581" e 229.861771 -7.72228 6.3
"GJ 649" b 254.53688 25.74416 10.38
"GJ 667 C" b 259.745085 -34.996827 6.8
"GJ 667 C" c 259.745085 -34.996827 6.8
"GJ 667 C" e 259.745085 -34.996827 6.8
"GJ 667 C" f 259.745085 -34.996827 6.8
"GJ 667 C" g 259.745085 -34.996827 6.8
"GJ 674" b 262.166443 -46.895191 4.55
"GJ 676 A" b 262.546692 -51.636978 16.9
"GJ 676 A" d 262.546692 -51.636978 16.9
"GJ 676 A" e 262.546692 -51.636978 16.9
"GJ 687" b 264.10791 68.339142 4.55
"GJ 832" b 323.391571 -49.009006 4.97
"GJ 832" c 323.391571 -49.009006 4.97
"HD 10647" b 25.622149 -53.740833 17.34
"HD 10697" b 26.232603 20.083149 32.6
"HD 11506" b 28.210558 -19.506975 51.7
"HD 11506" c 28.210558 -19.506975 51.7
"HD 11977" b 28.733881 -67.647301 68.05
"HD 11964" b 29.290026 -10.242428 33.57
"HD 11964" c 29.290026 -10.242428 33.57
"HD 12661" b 31.142866 25.414305 37.89
"HD 12661" c 31.142866 25.414305 37.89
"HD 13189" b 32.417381 32.316437 504.71
"HD 13908" b 34.560665 65.59436 79.73
"HD 13908" c 34.560665 65.59436 79.73
"HD 13931" b 34.197414 43.772995 47.46
"HD 14067" b 34.293499 23.767832 163.4
"HD 16141" b 38.833035 -3.560602 37.83
"HD 16417" b 39.244198 -34.577976 25.41
"HD 16175" b 39.257961 42.062634 59.96
"HD 17092" b 41.592117 49.653076 229.89
"HD 17156" b 42.435364 71.753235 75.0
