k2_table.ecsv
# %ECSV 0.9
# ---
# datatype:
# - {name: pl_hostname, datatype: string}
# - {name: pl_letter, datatype: string}
# - {name: ra, unit: deg, datatype: float64}
# - {name: dec, unit: deg, datatype: float64}
# - {name: st_dist, unit: pc, datatype: float64}
# meta: !!omap
# - __serialized_columns__:
#     dec:
#       __class__: astropy.units.quantity.Quantity
#       value: !astropy.table.SerializedColumn {name: dec}
#     ra:
#       __class__: astropy.units.quantity.Quantity
#       value: !astropy.table.SerializedColumn {name: ra}
#     st_dist:
#       __class__: astropy.units.quantity.Quantity
#       value: !astropy.table.SerializedColumn {name: st_dist}
# schema: astropy-2.0
pl_hostname pl_letter ra dec st_dist
[from data line 2796]
Kepler-595 b 294.570393 50.673023 639.0
Kepler-596 b 289.500676 51.68573 1083.0
Kepler-597 b 293.470106 39.252808 660.0
Kepler-598 b 293.123423 40.934766 686.0
Kepler-599 b 285.911509 41.069443 627.0
Kepler-600 b 283.833059 41.978649 624.0
Kepler-601 b 282.004612 42.176533 429.0
Kepler-602 b 296.031983 42.141949 971.0
Kepler-286 d 290.676145 48.294289 1281.0
Kepler-286 e 290.676145 48.294289 1281.0
Kepler-287 b 290.927458 48.44355 866.0
Kepler-287 c 290.927458 48.44355 866.0
Kepler-288 b 288.916426 39.594717 1176.0
Kepler-288 c 288.916426 39.594717 1176.0
Kepler-288 d 288.916426 39.594717 1176.0
Kepler-289 b 297.465344 42.88285 700.0
Kepler-289 c 297.465344 42.88285 700.0
Kepler-289 d 297.465344 42.88285 700.0
Kepler-290 b 286.409984 42.681553 741.0
Kepler-290 c 286.409984 42.681553 741.0
Kepler-291 b 287.916357 42.437302 1296.0
Kepler-291 c 287.916357 42.437302 1296.0
Kepler-292 b 295.766145 42.424288 1051.0
Kepler-292 c 295.766145 42.424288 1051.0
Kepler-292 d 295.766145 42.424288 1051.0
Kepler-292 e 295.766145 42.424288 1051.0
Kepler-292 f 295.766145 42.424288 1051.0
Kepler-293 b 286.358057 42.406509 1068.0
Kepler-293 c 286.358057 42.406509 1068.0
Kepler-294 b 287.392009 46.059312 1364.0
Kepler-294 c 287.392009 46.059312 1364.0
Kepler-295 b 285.345843 45.367786 630.0
Kepler-295 c 285.345843 45.367786 630.0
WASP-2 b 307.725542 6.429536 166.0
WASP-3 b 278.631793 35.661533 220.0
WASP-4 b 353.562841 -42.061428 300.0
WASP-5 b 359.348991 -41.277149 300.0
WASP-6 b 348.157246 -22.673937 198.23
WASP-7 b 311.042609 -39.225273 140.0
WASP-8 b 359.900292 -35.031391 87.0
WASP-8 c 359.900292 -35.031391 87.0
WASP-10 b 348.992912 31.462852 90.0
WASP-11 b 47.368964 30.673594 121.7
WASP-12 b 97.63664 29.672291 432.48
WASP-13 b 140.102976 33.882439 155.0
WASP-14 b 218.276477 21.894714 160.0
WASP-15 b 208.927939 -32.159607 284.35
WASP-16 b 214.683032 -20.275484 195.2
WASP-17 b 239.962306 -28.061733 400.0
WASP-18 b 24.354311 -45.677887 123.92
WASP-19 b 148.417002 -45.659191 250.0
WASP-20 b 5.160559 -23.935728 210.0
WASP-21 b 347.492721 18.396086 242.0
WASP-22 b 52.818043 -23.819702 300.0
WASP-23 b 101.127587 -42.761826 208.74
WASP-24 b 227.215586 2.343304 325.05
WASP-25 b 195.359879 -27.5222 212.7
WASP-26 b 4.602897 -15.267305 250.0
WASP-28 b 353.616152 -1.580064 410.0
Kepler-1102 b 281.322565 48.066505 986.0
Kepler-1103 b 287.38209 49.452396 921.0
Kepler-1104 b 294.468554 49.331024 516.0
Kepler-1105 b 281.111771 42.454931 369.0
Kepler-1106 b 291.145201 44.062546 1168.0
Kepler-1107 b 291.049927 39.141674 457.0
Kepler-1108 b 296.042339 45.985146 764.0
Kepler-1109 b 291.646244 39.396624 797.0
Kepler-1110 b 291.808022 38.622703 726.0
Kepler-214 b 284.754851 44.956032 804.0
Kepler-214 c 284.754851 44.956032 804.0
Kepler-215 b 294.973509 45.213688 467.0
Kepler-215 c 294.973509 45.213688 467.0
Kepler-215 d 294.973509 45.213688 467.0
Kepler-215 e 294.973509 45.213688 467.0
Kepler-216 b 293.728072 46.129154 913.0
Kepler-216 c 293.728072 46.129154 913.0
Kepler-217 b 293.037744 46.277508 1066.0
Kepler-217 c 293.037744 46.277508 1066.0
Kepler-218 b 295.412811 46.266472 636.0
Kepler-218 c 295.412811 46.266472 636.0
Kepler-219 b 288.73898 46.762558 946.0
Kepler-219 c 288.73898 46.762558 946.0
Kepler-219 d 288.73898 46.762558 946.0
Kepler-220 b 291.506237 46.895779 154.0
Kepler-220 c 291.506237 46.895779 154.0
Kepler-220 d 291.506237 46.895779 154.0
Kepler-603 b 294.280982 42.29097 967.0
Kepler-603 c 294.280982 42.29097 967.0
Kepler-603 d 294.280982 42.29097 967.0
Kepler-604 b 292.316017 42.626255 981.0
Kepler-605 b 287.295436 43.279873 570.0
Kepler-605 c 287.295436 43.279873 570.0
Kepler-606 b 292.427378 44.381268 1208.0
Kepler-607 b 291.057206 44.632381 500.0
Kepler-608 b 293.882931 44.638096 926.0
Kepler-609 b 292.220313 44.700031 1143.0
Kepler-610 b 293.171343 45.065605 1113.0
Kepler-610 c 293.171343 45.065605 1113.0
Kepler-191 d 291.183386 45.323177 626.0
Kepler-611 b 286.004962 45.480392 906.0
Kepler-192 d 287.917924 45.592876 616.0
Kepler-612 b 291.354639 45.747898 932.0
Kepler-613 b 282.786824 46.244992 864.0
Kepler-614 b 298.384823 46.276043 571.0
Kepler-615 b 282.450603 46.321404 330.0
Kepler-616 b 294.989131 46.838329 1019.0
Kepler-616 c 294.989131 46.838329 1019.0
Kepler-617 b 283.74071 47.516293 150.0
Kepler-618 b 286.249817 48.06094 1115.0
Kepler-619 b 290.849058 48.416016 1111.0
Kepler-619 c 290.849058 48.416016 1111.0
Kepler-620 b 291.159391 51.334866 1241.0
Kepler-621 b 290.927286 39.914145 389.0
Kepler-622 b 284.478472 40.93311 259.0
"HD 143105" b 238.402328 68.720116 48.7
Kepler-295 d 285.345843 45.367786 630.0
Kepler-296 b 286.540008 49.437326 226.0
Kepler-296 c 286.540008 49.437326 226.0
Kepler-296 d 286.540008 49.437326 226.0
Kepler-296 e 286.540008 49.437326 226.0
Kepler-296 f 286.540008 49.437326 226.0
Kepler-297 b 283.209159 48.777645 745.0
Kepler-297 c 283.209159 48.777645 745.0
Kepler-298 b 283.039792 48.825359 504.0
Kepler-298 c 283.039792 48.825359 504.0
Kepler-298 d 283.039792 48.825359 504.0
Kepler-299 b 283.206964 48.580502 1024.0
Kepler-299 c 283.206964 48.580502 1024.0
Kepler-299 d 283.206964 48.580502 1024.0
Kepler-299 e 283.206964 48.580502 1024.0
Kepler-300 b 295.288694 48.59972 872.0
Kepler-300 c 295.288694 48.59972 872.0
Kepler-301 b 283.982968 49.23299 742.0
Kepler-301 c 283.982968 49.23299 742.0
Kepler-301 d 283.982968 49.23299 742.0
Kepler-302 b 294.316985 43.629345 1433.0
Kepler-302 c 294.316985 43.629345 1433.0
Kepler-303 b 283.135465 43.657055 175.0
Kepler-303 c 283.135465 43.657055 175.0
Kepler-304 b 294.441763 40.557587 483.0
Kepler-304 c 294.441763 40.557587 483.0
WASP-29 b 357.879538 -39.906719 70.0
WASP-31 b 169.439021 -19.054773 360.0
WASP-32 b 3.961682 1.200451 278.17
WASP-33 b 36.712746 37.550484 122.36
WASP-34 b 165.399561 -23.860636 120.0
WASP-35 b 76.081782 -6.229821 203.39
WASP-36 b 131.580405 -8.026946 450.0
WASP-37 b 221.943987 1.064966 343.0
WASP-38 b 243.959845 10.032566 110.0
WASP-39 b 217.326702 -3.444534 230.0
WASP-41 b 190.618736 -30.63987 180.0
WASP-42 b 192.981545 -42.073608 160.0
WASP-43 b 154.908372 -9.806276 80.0
WASP-44 b 3.903165 -11.938115 368.31
WASP-45 b 5.237497 -35.99826 212.48
WASP-46 b 318.736981 -55.87178 379.36
WASP-47 b 331.203047 -12.018885 200.0
WASP-48 b 291.16233 55.47316 460.14
WASP-49 b 91.089427 -16.965294 170.0
WASP-50 b 43.688073 -10.89808 230.0
WASP-52 b 348.494748 8.761262 140.0
WASP-54 b 205.454308 -0.128076 200.0
WASP-55 b 203.758114 -17.503464 330.0
WASP-56 b 183.366285 23.055698 255.0
WASP-57 b 223.820104 -2.057665 455.0
WASP-58 b 274.701064 45.172016 300.0
Kepler-220 e 291.506237 46.895779 154.0
Kepler-221 b 296.654765 46.83527 414.0
Kepler-221 c 296.654765 46.83527 414.0
Kepler-221 d 296.654765 46.83527 414.0
Kepler-221 e 296.654765 46.83527 414.0
Kepler-222 b 287.9061 46.937767 781.0
Kepler-222 c 287.9061 46.937767 781.0
Kepler-222 d 287.9061 46.937767 781.0
Kepler-223 b 298.318356 47.279495 1135.0
Kepler-223 c 298.318356 47.279495 1135.0
Kepler-223 d 298.318356 47.279495 1135.0
Kepler-223 e 298.318356 47.279495 1135.0
Kepler-224 b 290.934287 47.357601 783.0
Kepler-224 c 290.934287 47.357601 783.0
Kepler-224 d 290.934287 47.357601 783.0
Kepler-224 e 290.934287 47.357601 783.0
Kepler-225 b 292.193984 47.457096 498.0
Kepler-225 c 292.193984 47.457096 498.0
Kepler-226 b 292.376129 47.880989 966.0
Kepler-226 c 292.376129 47.880989 966.0
Kepler-226 d 292.376129 47.880989 966.0
Kepler-227 b 291.934236 48.141651 1095.0
Kepler-227 c 291.934236 48.141651 1095.0
Kepler-228 b 296.286142 48.224667 1307.0
Kepler-228 c 296.286142 48.224667 1307.0
Kepler-228 d 296.286142 48.224667 1307.0
"HIP 109600" b 333.026062 29.065811 58.6
"HD 35759" b 82.888962 64.318779 72.5
"HIP 109384" b 332.405823 71.314331 56.2
"HD 220842" b 351.654114 56.886528 62.5
"HD 12484" b 30.611374 2.815859 51.1
"HIP 65407" b 201.087662 48.885094 55.5
"HIP 65407" c 201.087662 48.885094 55.5
"HD 141399" b 236.724228 46.986263 36.2
"HD 141399" c 236.724228 46.986263 36.2
"HD 141399" d 236.724228 46.986263 36.2
"HD 141399" e 236.724228 46.986263 36.2
"KELT-4 A" b 157.062546 25.573189 210.0
K2-28 b 335.62439 -7.955366 63.11
K2-19 d 174.960312 0.603575 292.14
K2-31 b 245.44075 -23.547865 110.87
K2-32 b 252.426086 -19.542822 158.39
K2-32 d 252.426086 -19.542822 158.39
K2-32 c 252.426086 -19.542822 158.39
WASP-119 b 55.933441 -65.193855 333.0
WASP-124 b 332.714323 -30.749672 433.0
WASP-126 b 63.373865 -69.226807 234.0
WASP-129 b 176.298965 -42.063927 246.0
WASP-133 b 314.575373 -35.796555 547.0
Kepler-198 d 290.67313 38.691011 512.0
Kepler-624 b 295.193389 39.539677 731.0
Kepler-625 b 292.150459 39.637581 502.0
Kepler-625 c 292.150459 39.637581 502.0
Kepler-626 b 288.698651 39.708288 690.0
Kepler-627 b 292.104279 39.767914 1143.0
Kepler-304 d 294.441763 40.557587 483.0
Kepler-305 b 299.224311 40.343182 864.0
Kepler-305 c 299.224311 40.343182 864.0
Kepler-305 d 299.224311 40.343182 864.0
Kepler-306 b 288.538671 40.61614 753.0
Kepler-306 c 288.538671 40.61614 753.0
Kepler-306 d 288.538671 40.61614 753.0
Kepler-306 e 288.538671 40.61614 753.0
Kepler-307 b 297.795132 40.417703 600.0
Kepler-307 c 297.795132 40.417703 600.0
Kepler-308 b 295.785154 40.43955 1284.0
Kepler-308 c 295.785154 40.43955 1284.0
Kepler-309 b 297.509851 46.961281 524.0
Kepler-309 c 297.509851 46.961281 524.0
Kepler-310 b 288.839363 46.986744 634.0
Kepler-310 c 288.839363 46.986744 634.0
Kepler-310 d 288.839363 46.986744 634.0
Kepler-311 b 282.06129 47.085491 774.0
Kepler-311 c 282.06129 47.085491 774.0
Kepler-312 b 298.395772 42.459756 569.0
Kepler-312 c 298.395772 42.459756 569.0
Kepler-313 b 298.294935 48.775459 954.0
Kepler-313 c 298.294935 48.775459 954.0
Kepler-314 b 294.674114 42.075588 263.0
Kepler-314 c 294.674114 42.075588 263.0
Kepler-315 b 298.023104 43.363522 1112.0
WASP-59 b 349.623126 24.88929 125.0
WASP-60 b 356.666564 31.155935 400.0
WASP-61 b 75.299663 -26.054144 480.0
WASP-62 b 87.139961 -63.988434 160.0
WASP-63 b 94.336431 -38.323257 330.0
WASP-64 b 101.115041 -32.858402 350.0
WASP-65 b 133.324304 8.523038 310.0
WASP-66 b 158.224966 -34.989845 380.0
WASP-67 b 295.74384 -19.949596 225.0
WASP-68 b 305.095785 -19.31468 227.87
WASP-69 b 315.025778 -5.094404 50.0
"WASP-70 A" b 315.476951 -13.433218 245.0
WASP-71 b 29.263338 0.758834 345.0
WASP-72 b 41.039999 -30.169039 340.0
WASP-73 b 319.94961 -58.148876 319.57
WASP-75 b 342.385707 -10.67556 260.0
"WASP-77 A" b 37.155115 -7.060681 93.0
WASP-78 b 63.75624 -22.116434 550.0
WASP-79 b 66.370903 -30.600445 240.0
WASP-80 b 303.167407 -2.144208 60.0
WASP-82 b 72.660671 1.893921 200.0
WASP-84 b 131.107099 1.860033 125.0
WASP-88 b 309.511192 -48.462067 531.61
"WASP-94 A" b 313.783098 -34.135555 180.0
"WASP-94 B" b 313.788158 -34.135521 180.0
WASP-95 b 337.457189 -48.003086 138.09
WASP-96 b 1.046351 -47.360626 356.02
Kepler-229 b 286.999471 48.375797 877.0
Kepler-229 c 286.999471 48.375797 877.0
Kepler-229 d 286.999471 48.375797 877.0
Kepler-230 b 285.718538 48.505859 775.0
Kepler-230 c 285.718538 48.505859 775.0
Kepler-231 b 293.973353 50.531914 325.0
Kepler-231 c 293.973353 50.531914 325.0
Kepler-232 b 295.816158 51.121742 1155.0
Kepler-232 c 295.816158 51.121742 1155.0
Kepler-233 b 296.366522 51.319523 825.0
Kepler-233 c 296.366522 51.319523 825.0
Kepler-234 b 291.653519 38.494659 1651.0
Kepler-234 c 291.653519 38.494659 1651.0
Kepler-235 b 286.079103 39.278313 369.0
Kepler-235 c 286.079103 39.278313 369.0
Kepler-235 d 286.079103 39.278313 369.0
Kepler-235 e 286.079103 39.278313 369.0
Kepler-236 b 283.866378 39.898092 265.0
Kepler-236 c 283.866378 39.898092 265.0
Kepler-237 b 283.221387 40.421834 647.0
K2-4 b 174.745636 -3.905585 233.37
K2-5 b 169.303497 -1.877976 204.12
K2-5 c 169.303497 -1.877976 204.12
K2-6 b 178.192261 -1.198477 319.59
K2-7 b 167.093765 -1.065755 754.64
K2-8 b 169.793671 -0.284375 407.93
Kepler-628 b 290.449257 39.854802 579.0
Kepler-629 b 289.417832 39.945013 383.0
Kepler-630 b 293.427043 39.942437 657.0
Kepler-631 b 296.885757 40.228233 843.0
Kepler-632 b 297.252613 40.288605 349.0
Kepler-633 b 295.217437 40.592251 634.0
Kepler-634 b 291.195065 40.702706 757.0
Kepler-635 b 289.773247 40.800724 826.0
Kepler-636 b 293.591889 41.095161 341.0
Kepler-637 b 292.417233 41.416882 1575.0
Kepler-638 b 284.919429 41.617195 426.0
Kepler-639 b 292.186888 41.727039 680.0
Kepler-640 b 296.032191 42.13168 538.0
Kepler-641 b 291.823482 42.516216 673.0
Kepler-642 b 293.834559 42.624962 1022.0
Kepler-643 b 290.327325 42.898281 1029.0
Kepler-644 b 295.475743 43.493137 1413.0
Kepler-645 b 290.322766 44.035809 901.0
Kepler-646 b 290.471339 44.387085 513.0
Kepler-647 b 284.788295 44.591675 789.0
Kepler-648 b 283.899655 45.016888 665.0
Kepler-649 b 285.655936 45.079556 525.0
Kepler-650 b 289.000875 45.15427 805.0
Kepler-651 b 287.33279 46.2035 537.0
Kepler-217 d 293.037744 46.277508 1066.0
Kepler-218 d 295.412811 46.266472 636.0
Kepler-652 b 288.00811 46.473557 423.0
Kepler-653 b 282.21293 46.717819 593.0
Kepler-653 c 282.21293 46.717819 593.0
Kepler-315 c 298.023104 43.363522 1112.0
Kepler-316 b 290.826023 44.184109 342.0
Kepler-316 c 290.826023 44.184109 342.0
Kepler-317 b 294.943885 39.032062 1220.0
Kepler-317 c 294.943885 39.032062 1220.0
Kepler-318 b 298.482828 46.793617 463.0
Kepler-318 c 298.482828 46.793617 463.0
Kepler-319 b 288.811943 39.770658 549.0
Kepler-319 c 288.811943 39.770658 549.0
Kepler-319 d 288.811943 39.770658 549.0
Kepler-320 b 293.213548 46.175125 1022.0
Kepler-320 c 293.213548 46.175125 1022.0
Kepler-321 b 294.453674 44.145756 377.0
Kepler-321 c 294.453674 44.145756 377.0
Kepler-322 b 281.348824 44.295242 428.0
Kepler-322 c 281.348824 44.295242 428.0
Kepler-323 b 291.38224 38.127473 473.0
Kepler-323 c 291.38224 38.127473 473.0
Kepler-324 b 286.471473 49.649021 492.0
Kepler-324 c 286.471473 49.649021 492.0
Kepler-325 b 289.835434 49.825626 883.0
Kepler-325 c 289.835434 49.825626 883.0
Kepler-325 d 289.835434 49.825626 883.0
Kepler-326 b 294.325546 46.002254 355.0
Kepler-326 c 294.325546 46.002254 355.0
WASP-97 b 24.604338 -55.772083 151.73
WASP-98 b 58.428794 -34.328194 284.05
WASP-99 b 39.897688 -50.008003 159.39
WASP-100 b 68.959728 -64.027039 368.28
WASP-101 b 98.351102 -23.48621 202.39
WASP-103 b 249.314868 7.183352 470.0
WASP-104 b 160.602432 7.435026 143.0
WASP-106 b 166.429747 -5.079412 283.0
WASP-117 b 36.775432 -50.284519 158.69
"WD 0806-661" b 121.723902 -66.30465 19.2
WTS-1 b 293.9932 36.290325 3200.0
WTS-2 b 293.732796 36.815491 1000.0
"WISEP J121756.91+162640.2 A" b 184.487125 16.4445 10.1
XO-1 b 240.54935 28.169586 172.0
"XO-2 N" b 117.026968 50.2258 145.5
"XO-2 S" b 117.031174 50.217556 148.0
"XO-2 S" c 117.031174 50.217556 148.0
XO-3 b 65.469581 57.817181 174.0
XO-4 b 110.388223 58.268108 293.0
XO-5 b 116.716527 39.094578 260.0
HATS-9 b 290.810104 -20.166317 654.36
HATS-10 b 294.306813 -22.204477 496.0
Kepler-449 b 293.732821 41.900829 279.0
Kepler-449 c 293.732821 41.900829 279.0
Kepler-450 b 295.486509 51.0135 437.0
Kepler-450 c 295.486509 51.0135 437.0
Kepler-450 d 295.486509 51.0135 437.0
Kepler-92 d 289.086058 41.562941 444.0
K2-9 b 176.264465 0.005301 83.16
K2-19 b 174.960312 0.603575 292.14
K2-19 c 174.960312 0.603575 292.14
K2-10 b 172.121964 1.690636 274.48
K2-11 b 169.042007 1.98684 332.46
K2-12 b 173.192032 2.244884 329.36
K2-13 b 170.155533 2.502696 345.76
K2-14 b 178.057022 2.594245 367.72
K2-15 b 178.110794 4.254747 501.03
K2-16 b 175.09726 4.55734 338.19
K2-16 c 175.09726 4.55734 338.19
K2-17 b 178.329773 6.412261 125.56
K2-18 b 172.560455 7.588391 34.0
WASP-135 b 267.284974 29.879107 300.0
"LkCa 15" b 69.824148 22.350967 158.87
"LkCa 15" c 69.824148 22.350967 158.87
Kepler-454 b 287.478529 38.228866 233.0
Kepler-454 c 287.478529 38.228866 233.0
"HD 33844" b 78.150421 -14.951111 100.9
"HD 33844" c 78.150421 -14.951111 100.9
Kepler-1111 b 295.463372 45.812744 1142.0
Kepler-1112 b 296.968815 47.751488 1734.0
Kepler-1113 b 289.406695 39.338834 1127.0
Kepler-1114 b 299.236933 45.834698 427.0
Kepler-1115 b 294.991772 40.144409 935.0
Kepler-1116 b 291.933655 44.115505 1017.0
