data/grb_table_lite.ecsv
# %ECSV 0.9
# ---
# datatype:
# - name: ra
#   unit: deg
#   datatype: float32
#   format: '{:5.1f}'
#   description: Right Ascension in decimal degrees (J2000)
#   meta: !!omap
#   - {ucd: POS_EQ_RA_MAIN}
#   - {width: 5}
#   - {precision: '1'}
# - name: dec
#   unit: deg
#   datatype: float32
#   format: '{:6.2f}'
#   description: Declination in decimal degrees (J2000)
#   meta: !!omap
#   - {ucd: POS_EQ_DEC_MAIN}
#   - {width: 6}
#   - {precision: '2'}
# - {name: dates_JD, datatype: string}
# meta: !!omap
# - {ID: J_ApJS_223_28_GBM}
# - {name: J/ApJS/223/28/GBM}
# - {description: 'Third {gamma}-ray Burst Monitor (GBM) catalog (tables 5-8)'}
# schema: astropy-2.0
ra dec dates_JD
[from data line 889]
228.1 22.80 2012-03-28T06:26:21.120
26.4 -54.80 2012-03-31T01:19:06.816
223.7 -10.40 2012-04-02T16:04:00.480
55.3 -89.00 2012-04-03T20:33:58.752
159.6 -17.00 2012-04-10T14:01:59.808
38.1 -7.20 2012-04-11T22:12:25.920
29.4 -24.70 2012-04-12T01:18:41.760
38.9 7.10 2012-04-12T22:04:40.224
213.5 16.70 2012-04-15T01:49:57.504
190.7 4.90 2012-04-15T21:23:41.280
150.5 61.30 2012-04-15T22:59:19.104
47.9 -52.20 2012-04-20T05:58:07.680
109.3 10.80 2012-04-20T20:35:13.056
111.5 -65.60 2012-04-26T02:09:14.400
285.5 -13.70 2012-04-26T14:02:22.272
224.9 29.30 2012-04-27T01:17:27.456
114.7 50.20 2012-04-27T03:40:38.208
166.0 -8.80 2012-04-29T00:04:07.104
133.0 -32.20 2012-04-29T11:37:03.648
47.2 18.50 2012-04-30T23:30:43.488
329.9 46.80 2012-05-04T11:13:39.648
200.3 -24.20 2012-05-04T22:40:08.256
172.2 -33.70 2012-05-06T03:05:02.400
195.4 38.30 2012-05-09T14:52:03.072
186.9 -55.20 2012-05-10T21:36:25.920
226.9 -60.50 2012-05-11T15:18:47.520
325.6 13.60 2012-05-12T02:41:44.448
140.8 75.00 2012-05-13T12:44:00.384
180.2 20.50 2012-05-19T17:18:15.264
45.9 35.30 2012-05-20T22:46:24.960
197.0 -52.70 2012-05-21T09:07:52.608
56.1 54.80 2012-05-22T08:39:16.704
358.1 -15.60 2012-05-24T03:12:55.008
66.3 -32.20 2012-05-26T07:16:40.800
295.1 6.50 2012-05-28T10:36:00.288
176.0 78.80 2012-05-30T02:53:41.568
290.4 1.20 2012-05-31T09:26:38.400
198.8 4.30 2012-06-03T10:32:09.600
163.9 -7.40 2012-06-04T05:16:31.584
113.6 -2.80 2012-06-04T08:13:40.512
243.6 41.50 2012-06-05T10:52:15.744
230.0 -26.10 2012-06-08T11:43:51.456
313.3 12.60 2012-06-08T18:38:32.928
67.3 13.00 2012-06-09T13:54:35.712
324.7 -44.80 2012-06-11T02:36:00.576
211.9 34.60 2012-06-12T16:19:45.696
39.7 -37.90 2012-06-12T16:29:44.448
79.7 56.40 2012-06-16T15:06:50.400
77.3 75.80 2012-06-18T03:03:49.824
213.6 -2.10 2012-06-18T22:03:34.560
190.7 -25.00 2012-06-19T21:13:16.608
4.8 7.20 2012-06-24T07:24:25.632
172.9 6.50 2012-06-24T22:23:54.528
51.3 51.10 2012-06-25T02:50:46.176
176.2 -0.60 2012-06-29T13:34:11.424
182.7 -45.70 2012-07-01T15:41:48.192
227.8 36.80 2012-07-02T21:23:18.816
69.5 34.70 2012-07-03T10:01:12.000
210.5 46.30 2012-07-03T11:56:56.832
339.4 -29.70 2012-07-03T17:25:16.896
291.1 -34.40 2012-07-07T19:12:17.280
318.4 -50.10 2012-07-09T21:11:40.704
120.4 -31.10 2012-07-10T02:23:16.800
94.7 -71.00 2012-07-11T02:44:53.664
127.9 -31.80 2012-07-11T10:42:54.144
169.6 -20.00 2012-07-12T13:42:25.632
313.1 9.60 2012-07-16T17:05:03.840
103.8 -45.90 2012-07-28T10:25:24.384
137.1 -54.40 2012-07-28T22:25:13.152
13.1 49.90 2012-07-29T10:56:12.480
43.7 -31.70 2012-08-11T00:20:30.336
199.7 62.30 2012-08-11T15:34:55.200
8.3 -26.40 2012-08-17T04:02:29.760
88.5 -28.70 2012-08-30T07:07:03.648
74.7 -9.30 2012-09-07T00:24:24.480
230.6 -25.80 2012-09-08T22:30:59.616
275.7 -59.50 2012-09-09T01:41:22.560
358.0 63.10 2012-09-11T07:08:34.368
146.4 27.00 2012-09-13T20:18:23.040
213.6 -14.50 2012-09-13T23:55:58.944
205.8 36.70 2012-09-16T04:08:40.416
214.8 -45.60 2012-09-19T07:24:42.048
96.4 -64.80 2012-09-21T21:03:04.032
234.7 -20.20 2012-09-22T22:32:09.600
260.2 41.10 2012-10-11T11:15:25.920
33.4 14.60 2012-10-12T17:22:16.320
226.8 -28.20 2012-10-29T08:24:19.872
170.8 -3.50 2012-10-31T22:47:15.072
307.2 63.20 2012-11-18T13:48:54.432
43.9 48.20 2012-11-22T21:14:52.512
307.3 -11.90 2012-11-23T10:06:00.576
228.5 55.30 2012-11-25T08:32:29.760
176.4 -52.40 2012-11-27T21:56:00.096
300.6 54.30 2012-11-28T05:05:51.360
256.8 24.00 2012-12-02T04:20:09.024
195.5 30.20 2012-12-11T13:47:03.840
153.7 -62.40 2012-12-17T07:30:01.728
310.5 -34.80 2012-12-25T10:00:53.856
251.1 -17.10 2013-01-27T17:50:23.712
140.4 -58.20 2013-02-06T19:36:30.528
43.5 13.40 2013-02-15T01:31:26.400
58.9 2.00 2013-02-16T18:58:11.424
67.9 14.70 2013-02-16T22:15:21.312
303.7 40.80 2013-02-19T18:35:51.360
116.8 52.00 2013-03-05T11:39:11.520
279.5 -11.70 2013-03-06T23:47:25.728
156.0 23.00 2013-03-07T03:01:44.544
142.3 -17.20 2013-03-10T20:09:41.184
195.5 -71.30 2013-03-20T13:26:34.368
122.8 -18.90 2013-03-25T04:51:54.144
218.1 -69.50 2013-03-27T08:24:04.320
196.1 59.40 2013-04-20T07:30:19.872
183.1 54.40 2013-04-20T12:56:32.928
17.8 -72.80 2013-04-25T07:51:16.128
173.1 27.70 2013-04-27T07:47:06.432
66.8 71.10 2013-05-02T07:51:11.808
138.6 -0.10 2013-05-02T17:50:30.624
348.0 -5.70 2013-05-04T07:32:03.552
91.6 3.80 2013-05-04T23:28:57.216
147.6 -19.00 2013-05-14T13:26:32.640
283.4 -54.30 2013-05-15T01:21:18.144
355.7 47.50 2013-05-18T13:54:37.440
138.7 87.30 2013-05-28T16:41:24.288
292.2 -24.90 2013-06-04T00:48:10.944
218.6 -22.10 2013-06-06T11:55:33.888
152.7 24.10 2013-06-09T03:05:11.040
53.8 -40.20 2013-06-09T21:38:35.520
224.4 28.20 2013-06-10T03:12:10.080
259.8 16.70 2013-06-12T03:22:23.520
324.2 -33.90 2013-06-14T23:56:10.176
20.7 -77.80 2013-06-23T11:42:46.656
273.1 -9.50 2013-06-26T10:51:04.032
184.4 -37.10 2013-06-27T08:55:06.240
6.3 -5.10 2013-06-28T12:44:02.112
97.8 -60.10 2013-07-01T01:27:06.336
217.3 15.80 2013-07-02T00:05:23.136
17.5 0.00 2013-07-08T11:43:03.936
287.4 -31.10 2013-07-15T21:44:09.888
179.6 63.10 2013-07-16T10:36:53.856
330.8 -65.50 2013-07-27T16:45:21.024
220.3 -2.50 2013-08-03T10:02:53.952
280.0 -76.20 2013-08-04T00:33:15.840
197.1 -58.90 2013-08-16T01:46:28.416
314.1 -12.00 2013-08-21T16:10:28.416
259.8 28.20 2013-08-28T07:20:00.384
82.1 -0.10 2013-09-03T00:47:32.064
47.6 14.00 2013-09-12T08:34:58.368
41.2 -26.10 2013-09-25T03:56:23.424
41.2 -26.10 2013-09-25T04:09:27.072
253.2 82.10 2013-10-02T06:55:07.392
296.1 -3.00 2013-10-04T21:41:03.264
325.4 -26.60 2013-10-06T08:48:21.024
139.4 -0.90 2013-10-06T20:09:52.416
328.0 -26.00 2013-10-08T20:36:03.168
32.5 -4.40 2013-10-11T17:47:35.232
100.5 -19.10 2013-10-14T05:09:00.576
304.4 23.10 2013-10-18T16:08:39.552
144.5 44.30 2013-10-24T21:35:28.896
57.0 72.20 2013-10-28T01:49:02.208
200.8 48.30 2013-10-29T23:20:48.192
29.6 -1.60 2013-10-31T11:33:32.832
71.0 -63.00 2013-11-05T02:04:53.472
156.5 9.70 2013-11-08T20:41:55.680
349.9 -66.80 2013-11-18T22:58:57.504
114.7 48.40 2013-11-25T16:32:51.072
215.4 53.50 2013-11-26T03:54:10.368
306.1 -0.80 2013-11-27T14:12:18.432
355.3 31.30 2013-11-28T15:06:25.344
344.1 -21.70 2013-12-02T15:12:10.944
136.5 -33.20 2013-12-09T13:07:57.216
91.6 -35.50 2013-12-16T01:56:32.352
85.2 -4.40 2013-12-29T06:39:24.768
10.6 -1.60 2013-12-31T04:45:15.840
211.9 1.30 2014-01-02T21:17:37.536
218.8 -8.90 2014-01-04T17:32:02.976
208.2 50.20 2014-01-05T01:33:01.440
325.1 58.70 2014-01-08T17:18:42.912
28.9 -36.30 2014-01-10T06:18:38.016
331.0 -17.90 2014-01-18T01:32:07.872
315.3 -8.50 2014-02-06T06:36:12.960
145.3 66.80 2014-02-06T07:18:15.840
81.3 32.50 2014-02-09T07:30:57.888
158.2 7.20 2014-02-19T19:46:31.872
253.9 -12.90 2014-03-02T08:12:59.040
30.6 33.50 2014-03-04T13:22:31.584
27.9 49.00 2014-03-06T03:29:45.024
183.6 62.80 2014-03-11T14:49:12.864
252.3 52.70 2014-03-11T21:14:35.232
281.9 -11.20 2014-03-20T02:12:46.080
357.0 -79.90 2014-03-23T10:22:53.184
145.7 -32.20 2014-03-29T07:04:38.496
328.1 -57.70 2014-03-30T04:19:54.336
207.6 6.00 2014-04-02T00:10:07.392
70.1 13.50 2014-04-06T03:26:47.904
290.7 -12.60 2014-04-08T13:15:55.008
35.4 43.90 2014-04-16T01:26:41.280
197.3 49.80 2014-04-23T08:32:38.400
2.0 68.20 2014-04-28T21:44:38.400
171.9 24.60 2014-05-01T03:19:41.088
319.2 49.00 2014-05-02T08:30:20.160
276.8 -55.60 2014-05-06T21:07:37.056
255.5 46.80 2014-05-08T03:03:55.008
289.4 -15.10 2014-05-12T19:31:42.816
320.0 67.60 2014-05-21T17:34:18.624
133.3 25.00 2014-05-23T03:05:57.696
280.7 -59.10 2014-05-28T20:05:22.848
328.1 32.00 2014-06-06T03:11:51.936
286.3 3.90 2014-06-10T16:31:28.992
132.7 -9.70 2014-06-19T11:24:40.608
281.9 49.70 2014-06-20T05:15:27.648
25.1 22.40 2014-06-21T19:50:10.464
225.5 81.20 2014-06-23T05:22:06.816
23.2 -0.60 2014-06-24T10:08:41.280
13.0 45.10 2014-07-03T00:37:07.392
49.3 -38.10 2014-07-06T19:33:34.272
304.6 51.20 2014-07-09T01:13:41.088
146.1 63.50 2014-07-09T15:17:53.088
204.6 -58.60 2014-07-10T21:37:37.632
