data/grb_table_lite.ecsv
# %ECSV 0.9
# ---
# datatype:
# - name: ra
#   unit: deg
#   datatype: float32
#   format: '{:5.1f}'
#   description: Right Ascension in decimal degrees (J2000)
#   meta: !!omap
#   - {ucd: POS_EQ_RA_MAIN}
#   - {width: 5}
#   - {precision: '1'}
# - name: dec
#   unit: deg
#   datatype: float32
#   format: '{:6.2f}'
#   description: Declination in decimal degrees (J2000)
#   meta: !!omap
#   - {ucd: POS_EQ_DEC_MAIN}
#   - {width: 6}
#   - {precision: '2'}
# - {name: dates_JD, datatype: string}
# meta: !!omap
# - {ID: J_ApJS_223_28_GBM}
# - {name: J/ApJS/223/28/GBM}
# - {description: 'Third {gamma}-ray Burst Monitor (GBM) catalog (tables 5-8)'}
# schema: astropy-2.0
ra dec dates_JD
[from data line 444]
119.7 5.80 2010-04-23T05:51:25.920
246.7 -48.90 2010-04-24T17:30:09.792
7.8 43.30 2010-04-24T21:01:52.320
89.2 -3.50 2010-04-27T08:32:09.024
89.1 -70.00 2010-04-29T23:59:51.360
131.0 18.40 2010-05-02T08:33:02.592
147.5 4.00 2010-05-03T13:18:03.744
255.6 -35.60 2010-05-04T19:20:55.680
82.5 59.20 2010-05-06T15:39:48.960
2.9 -79.00 2010-05-07T13:51:16.128
355.8 -35.60 2010-05-10T19:27:07.200
109.3 -4.70 2010-05-11T00:49:56.352
321.0 22.20 2010-05-13T21:05:57.696
275.5 27.00 2010-05-15T11:13:09.408
274.4 -8.20 2010-05-16T08:50:40.992
297.7 18.70 2010-05-16T09:30:38.592
100.9 -29.00 2010-05-17T01:43:07.968
40.6 -44.30 2010-05-17T03:09:50.112
243.6 -10.40 2010-05-17T03:42:08.064
10.4 4.40 2010-05-17T05:49:51.744
52.7 -71.90 2010-05-17T15:19:58.368
191.5 57.40 2010-05-19T04:53:23.136
7.0 9.40 2010-05-22T03:45:52.704
251.8 41.00 2010-05-25T17:51:25.056
226.8 19.80 2010-05-27T19:04:37.632
311.1 27.80 2010-05-28T01:48:00.864
289.7 31.00 2010-05-30T17:41:51.360
248.3 -73.20 2010-06-04T06:53:34.944
273.4 -67.60 2010-06-05T18:35:10.752
30.5 20.50 2010-06-08T09:10:06.528
90.5 42.80 2010-06-09T18:48:10.944
63.5 13.70 2010-06-12T13:04:22.080
352.0 -1.80 2010-06-12T17:26:06.144
224.8 40.90 2010-06-14T11:57:23.616
177.2 -19.50 2010-06-15T01:59:04.416
342.9 3.10 2010-06-16T18:32:32.640
86.4 -27.00 2010-06-19T00:21:06.624
80.1 -51.70 2010-06-20T02:51:29.376
103.8 37.30 2010-06-21T10:51:17.856
160.9 14.70 2010-06-21T12:42:16.704
15.8 -39.10 2010-06-25T18:32:28.320
338.3 20.30 2010-06-25T21:22:45.120
231.2 27.80 2010-06-29T19:14:03.552
43.1 -2.20 2010-07-01T11:45:23.040
133.6 -24.20 2010-07-04T03:35:06.432
255.2 46.90 2010-07-06T16:38:18.528
351.1 -6.60 2010-07-07T00:46:39.360
142.5 17.40 2010-07-09T14:27:33.408
82.1 13.00 2010-07-13T23:31:33.600
106.4 51.10 2010-07-14T16:07:23.520
307.9 61.30 2010-07-14T16:27:20.160
299.3 -54.70 2010-07-15T11:27:17.856
287.1 -0.70 2010-07-17T08:55:06.240
304.3 19.50 2010-07-17T10:41:46.752
121.8 -46.20 2010-07-18T03:50:09.312
298.5 41.40 2010-07-18T19:06:22.176
304.9 -67.10 2010-07-19T07:28:18.048
231.4 18.60 2010-07-19T19:48:07.776
113.3 5.40 2010-07-19T23:44:04.416
238.8 -15.60 2010-07-22T02:18:36.864
31.8 56.20 2010-07-22T06:58:24.384
119.6 75.90 2010-07-24T00:42:06.336
290.0 77.00 2010-07-25T11:24:34.560
154.2 -21.40 2010-07-27T05:42:21.600
88.8 -15.30 2010-07-28T02:17:30.336
44.1 0.30 2010-07-28T10:31:54.912
339.8 -22.20 2010-07-30T11:06:14.688
2.5 47.80 2010-08-02T05:45:36.000
249.0 27.50 2010-08-04T02:29:26.592
22.8 34.20 2010-08-05T07:12:12.096
112.7 -35.90 2010-08-05T20:16:29.856
124.8 -1.60 2010-08-10T01:10:34.464
345.9 15.90 2010-08-11T02:35:49.344
108.1 62.20 2010-08-11T18:44:09.024
22.5 -18.00 2010-08-14T03:50:08.448
122.8 18.50 2010-08-14T08:25:25.536
102.1 -26.70 2010-08-16T00:12:41.184
351.7 26.60 2010-08-16T00:37:50.592
279.6 -50.00 2010-08-19T11:56:35.232
258.8 -18.50 2010-08-20T08:56:58.560
253.4 -56.60 2010-08-25T06:53:48.768
284.0 -23.20 2010-08-26T22:58:22.944
193.9 71.90 2010-08-27T10:55:49.152
115.4 -4.00 2010-08-29T08:59:07.296
90.4 30.30 2010-08-29T21:02:08.736
161.3 33.70 2010-08-31T15:37:25.536
306.0 42.30 2010-09-02T23:45:19.584
262.6 13.10 2010-09-05T21:46:22.944
28.7 55.60 2010-09-06T13:49:27.264
177.3 -40.60 2010-09-07T18:01:11.712
238.1 -34.60 2010-09-10T19:37:43.968
151.3 59.00 2010-09-11T19:35:39.552
85.4 25.10 2010-09-15T05:49:39.648
152.0 -59.40 2010-09-16T18:41:12.768
308.4 -46.00 2010-09-18T20:42:18.144
163.2 6.00 2010-09-19T21:12:16.128
357.0 -25.20 2010-09-22T14:59:42.720
106.1 39.60 2010-09-23T20:15:10.368
0.7 7.00 2010-09-24T03:58:07.968
222.8 -72.30 2010-09-26T14:17:03.552
43.6 -11.10 2010-09-26T16:39:54.432
166.3 62.30 2010-09-29T05:38:52.512
243.6 33.30 2010-09-29T07:33:04.032
183.0 -24.90 2010-09-29T21:59:45.600
323.4 -27.50 2010-10-02T06:41:26.592
175.9 2.50 2010-10-03T05:51:07.776
232.2 -44.00 2010-10-04T10:13:49.728
328.9 37.10 2010-10-08T16:43:15.744
47.2 43.60 2010-10-10T04:33:47.232
48.3 -66.00 2010-10-11T16:58:36.768
292.1 -49.60 2010-10-13T09:52:43.104
26.9 -51.10 2010-10-14T04:11:52.224
73.2 15.50 2010-10-15T13:24:02.304
133.0 -4.60 2010-10-16T05:50:15.936
27.5 -26.60 2010-10-17T14:51:29.376
0.9 -23.70 2010-10-21T00:13:25.248
0.5 47.30 2010-10-21T01:30:31.968
318.0 -65.40 2010-10-23T22:50:04.416
66.5 -77.30 2010-10-24T11:39:33.984
240.2 -8.50 2010-10-25T03:30:18.720
263.7 -0.40 2010-10-26T00:49:15.744
79.0 44.00 2010-10-27T05:30:30.528
166.4 -16.40 2010-10-30T15:56:30.336
184.1 -7.50 2010-10-31T14:59:32.352
13.6 45.80 2010-11-01T17:51:33.696
266.0 -29.00 2010-11-01T21:34:08.544
284.7 -37.00 2010-11-02T20:10:07.104
161.0 -7.10 2010-11-04T19:26:13.632
168.3 22.40 2010-11-07T00:16:24.960
292.2 39.40 2010-11-12T22:10:32.736
100.1 9.60 2010-11-12T23:36:55.872
29.1 0.20 2010-11-13T11:35:36.384
32.0 -81.20 2010-11-16T11:32:27.168
57.2 -26.90 2010-11-17T11:54:45.504
226.5 59.60 2010-11-19T16:27:02.880
135.2 1.90 2010-11-23T22:51:35.136
84.8 -22.60 2010-11-26T04:44:27.456
290.3 7.90 2010-11-27T02:13:58.656
70.9 -11.30 2010-11-27T02:27:30.816
145.5 -35.20 2010-11-28T07:44:04.128
157.8 -17.20 2010-11-29T15:39:31.680
271.5 1.00 2010-11-29T17:25:25.536
274.6 26.60 2010-11-30T01:45:54.720
2.0 -16.20 2010-12-01T10:01:50.016
254.0 58.50 2010-12-02T03:41:54.240
191.9 55.70 2010-12-04T08:14:18.528
322.1 -39.10 2010-12-05T07:24:24.768
164.1 -38.10 2010-12-06T00:52:17.184
175.8 8.70 2010-12-07T12:51:40.896
212.4 4.00 2010-12-08T04:52:57.216
280.9 -59.00 2010-12-08T11:57:01.152
31.8 10.10 2010-12-11T11:37:54.624
241.3 21.90 2010-12-13T10:49:21.216
261.0 -64.50 2010-12-13T20:22:26.688
0.7 -28.30 2010-12-14T17:57:03.744
181.1 -31.10 2010-12-14T23:50:01.248
284.3 -21.00 2010-12-16T17:17:52.800
12.2 -34.60 2010-12-19T16:28:12.864
241.6 46.10 2010-12-20T13:49:58.368
2.7 27.20 2010-12-20T20:43:54.048
250.6 48.20 2010-12-23T20:00:17.856
285.9 45.70 2010-12-24T05:27:13.536
289.1 -55.20 2010-12-24T13:52:58.080
290.2 34.50 2010-12-24T14:43:33.312
325.2 -38.70 2010-12-24T23:57:34.848
60.7 32.80 2010-12-25T09:02:53.664
186.8 -83.50 2010-12-27T04:40:28.992
240.5 -24.50 2010-12-27T09:45:06.912
150.9 -49.40 2010-12-27T12:51:46.080
191.7 17.60 2010-12-31T01:36:50.400
264.3 36.50 2011-01-01T04:50:20.832
105.5 34.60 2011-01-01T12:08:21.984
245.9 7.60 2011-01-02T18:54:36.288
85.1 -17.10 2011-01-05T21:02:39.840
134.2 47.00 2011-01-06T21:26:15.936
299.1 42.00 2011-01-07T21:15:52.128
11.6 -9.60 2011-01-08T23:26:18.240
10.6 64.40 2011-01-12T22:24:55.008
130.9 47.60 2011-01-17T08:44:51.072
129.5 -12.90 2011-01-17T15:01:27.264
226.6 -39.50 2011-01-18T20:34:18.624
348.6 6.00 2011-01-19T22:21:00.000
61.6 -12.00 2011-01-20T15:59:39.552
247.0 28.00 2011-01-23T19:17:44.736
53.8 36.30 2011-01-24T18:49:08.832
331.4 -46.20 2011-01-25T21:27:28.512
193.9 28.10 2011-01-28T01:44:36.096
111.5 38.20 2011-01-30T05:31:52.608
183.8 72.90 2011-01-31T18:42:38.304
137.6 88.60 2011-02-01T09:35:09.888
1.8 -17.40 2011-02-04T04:17:11.040
359.7 -80.40 2011-02-05T00:39:04.896
312.7 -55.90 2011-02-05T14:07:20.352
333.7 1.60 2011-02-06T04:50:36.384
12.5 -10.80 2011-02-07T11:17:19.968
179.0 -58.40 2011-02-07T23:00:26.496
329.7 -21.90 2011-02-09T03:58:07.968
311.3 -74.50 2011-02-12T13:12:33.696
43.0 49.30 2011-02-13T05:17:11.328
6.3 27.50 2011-02-13T21:00:50.976
274.7 32.30 2011-02-17T14:10:46.848
185.5 16.60 2011-02-20T18:16:21.504
15.2 66.10 2011-02-21T05:51:19.008
199.3 35.80 2011-02-26T23:44:31.200
148.7 -54.00 2011-02-27T00:12:28.224
25.2 15.90 2011-02-27T05:30:10.656
232.7 -9.90 2011-02-27T10:04:12.576
10.3 -45.70 2011-02-28T00:15:59.040
245.1 16.40 2011-02-28T18:59:50.784
229.4 29.40 2011-03-01T05:08:43.296
122.3 2.90 2011-03-02T01:01:51.744
322.9 33.30 2011-03-04T01:42:33.408
193.1 15.60 2011-03-07T23:19:07.968
117.6 34.30 2011-03-11T19:29:21.120
46.7 -67.60 2011-03-16T03:19:41.952
338.3 -15.30 2011-03-18T13:14:16.512
208.0 -51.60 2011-03-19T15:04:45.120
325.6 -57.10 2011-03-19T19:34:01.920
13.3 -21.80 2011-03-21T08:17:42.432
99.0 -48.90 2011-03-22T13:23:42.432
117.7 43.10 2011-03-28T12:29:19.104
6.7 26.00 2011-03-31T14:29:06.720
268.6 26.90 2011-04-01T22:04:19.488
197.4 61.20 2011-04-02T00:12:58.464
97.4 -11.90 2011-04-07T23:56:56.832
238.7 -34.30 2011-04-09T04:17:20.544
30.9 -15.90 2011-04-10T03:10:52.320
337.2 -22.00 2011-04-10T18:31:20.064
210.3 -65.00 2011-04-11T15:05:15.360
133.5 13.50 2011-04-12T07:33:36.000
352.7 32.30 2011-04-13T22:31:09.120
213.8 9.10 2011-04-15T12:59:23.136
320.0 -41.30 2011-04-20T22:42:11.808
277.2 50.80 2011-04-21T18:10:40.224
226.7 43.00 2011-04-22T00:41:48.192
293.3 -11.10 2011-04-24T18:11:36.384
219.9 -8.70 2011-04-26T15:06:26.208
128.4 19.90 2011-04-28T08:07:05.664
5.3 64.80 2011-04-28T09:18:30.240
147.1 67.90 2011-04-30T09:00:13.824
70.5 -10.90 2011-05-03T03:28:26.400
16.8 -32.30 2011-05-05T04:52:56.352
180.8 -34.00 2011-05-09T03:24:39.168
74.7 -27.00 2011-05-09T11:24:15.552
214.1 -45.40 2011-05-11T14:47:12.768
296.1 -73.80 2011-05-17T10:52:35.616
190.1 6.30 2011-05-17T13:44:47.328
85.6 47.30 2011-05-17T21:38:48.480
71.0 -85.90 2011-05-20T07:14:26.016
57.5 -62.30 2011-05-21T11:28:58.944
228.9 55.50 2011-05-22T06:08:17.664
184.5 49.30 2011-05-22T07:06:02.304
180.6 -26.80 2011-05-22T15:11:56.256
219.0 -15.40 2011-05-23T08:15:54.432
102.5 -16.40 2011-05-26T17:09:01.440
44.8 -6.90 2011-05-28T14:58:43.968
118.3 67.90 2011-05-29T00:48:42.912
172.6 8.80 2011-05-29T06:17:40.992
340.6 1.90 2011-05-29T19:27:12.384
190.5 11.90 2011-05-31T10:45:10.656
310.7 11.50 2011-06-01T16:20:15.936
14.9 52.50 2011-06-05T04:23:32.064
242.1 -3.10 2011-06-05T18:42:48.672
327.8 44.60 2011-06-09T04:26:11.040
317.6 -38.20 2011-06-09T10:12:06.048
308.2 74.80 2011-06-10T15:21:32.544
336.9 -3.50 2011-06-13T15:08:46.176
274.5 -34.00 2011-06-16T15:33:25.344
176.8 -71.70 2011-06-18T08:47:36.096
147.1 -7.50 2011-06-18T18:14:16.224
134.0 19.50 2011-06-22T03:47:19.104
65.0 -15.90 2011-06-24T21:44:25.440
315.3 -39.40 2011-06-25T13:53:24.864
286.7 6.80 2011-06-25T21:08:18.528
131.9 5.60 2011-06-26T10:44:54.240
69.4 25.00 2011-06-29T04:09:58.176
5.6 -37.70 2011-07-02T04:29:28.896
155.4 -29.30 2011-07-03T13:22:15.168
156.0 40.10 2011-07-05T03:37:11.712
123.0 28.80 2011-07-05T08:43:43.680
100.1 6.10 2011-07-06T04:51:04.032
94.2 -50.80 2011-07-06T11:26:15.648
9.1 31.70 2011-07-06T17:27:56.736
347.5 7.10 2011-07-06T23:26:51.072
155.4 23.10 2011-07-09T11:06:53.568
238.9 40.90 2011-07-09T15:24:27.072
156.2 -41.80 2011-07-09T20:40:50.016
229.1 48.40 2011-07-10T22:53:50.784
329.7 -77.00 2011-07-16T00:25:19.776
308.5 -7.80 2011-07-17T04:19:50.880
312.8 -14.80 2011-07-17T07:39:56.160
198.6 -44.30 2011-07-20T04:14:32.064
332.5 -38.60 2011-07-21T04:47:43.584
215.1 5.00 2011-07-22T16:39:16.416
8.3 62.70 2011-07-22T17:01:45.984
270.1 -25.20 2011-07-25T05:39:41.760
317.7 2.50 2011-07-26T05:03:59.904
166.6 20.10 2011-07-28T01:20:22.848
353.4 5.00 2011-07-29T03:25:05.952
263.1 -22.80 2011-07-30T00:11:54.528
335.1 -2.90 2011-07-30T15:50:43.872
280.5 -28.50 2011-07-31T11:09:29.952
248.3 -57.10 2011-08-01T08:01:43.392
300.4 -11.40 2011-08-03T18:47:25.152
112.0 2.40 2011-08-06T22:25:31.296
172.2 -13.90 2011-08-09T11:03:33.984
77.8 1.70 2011-08-12T21:35:09.024
61.2 34.60 2011-08-13T05:40:50.880
336.0 -45.80 2011-08-17T04:35:11.904
317.3 -64.00 2011-08-18T20:37:54.624
139.5 -76.60 2011-08-19T15:57:55.008
90.5 21.60 2011-08-20T11:25:44.544
152.1 1.30 2011-08-24T00:13:09.696
44.9 15.40 2011-08-25T02:26:51.072
251.3 -80.30 2011-08-25T06:22:11.424
110.6 -23.80 2011-08-28T13:48:14.688
352.4 33.70 2011-08-31T06:45:26.784
141.3 -15.80 2011-09-01T05:31:43.968
164.2 42.10 2011-09-03T00:13:06.240
197.1 59.00 2011-09-03T02:39:34.848
359.7 35.90 2011-09-04T02:58:16.320
190.4 -28.90 2011-09-04T03:54:36.288
323.7 23.90 2011-09-04T12:44:19.392
26.3 17.60 2011-09-06T07:15:13.536
347.3 -24.20 2011-09-09T02:46:58.080
258.6 -67.00 2011-09-11T01:41:41.568
4.1 40.40 2011-09-16T00:23:01.536
280.0 66.40 2011-09-19T15:12:16.128
87.6 38.80 2011-09-20T08:07:16.032
209.8 -27.60 2011-09-20T13:05:44.160
6.1 -5.80 2011-09-21T10:38:47.904
294.1 36.40 2011-09-21T13:51:22.176
18.0 -27.80 2011-09-21T21:52:44.832
323.4 -10.90 2011-09-23T20:01:58.080
69.4 10.40 2011-09-26T02:33:36.288
153.4 34.30 2011-09-28T04:19:51.744
288.2 -62.20 2011-09-29T04:28:53.472
187.3 -53.70 2011-09-30T13:32:31.200
340.0 -15.30 2011-10-01T19:17:58.560
276.8 -62.30 2011-10-03T11:10:00.192
340.3 75.80 2011-10-05T09:33:03.744
220.8 -5.70 2011-10-08T23:49:01.632
183.0 -56.80 2011-10-09T06:45:39.744
87.1 44.00 2011-10-10T05:40:34.464
183.5 -31.70 2011-10-10T15:50:21.408
69.8 41.90 2011-10-10T17:00:35.136
77.0 -15.00 2011-10-10T21:34:13.728
38.0 -12.50 2011-10-11T02:15:09.504
154.0 68.10 2011-10-12T10:56:37.536
97.2 67.10 2011-10-12T19:27:39.168
220.6 -58.40 2011-10-15T10:15:12.672
8.1 -7.00 2011-10-17T15:45:23.328
106.1 66.10 2011-10-18T14:16:48.864
124.2 81.30 2011-10-18T18:50:14.496
104.5 -33.10 2011-10-22T20:29:24.000
162.7 -44.90 2011-10-24T17:19:02.784
91.2 -1.80 2011-10-24T21:30:02.304
325.6 -35.50 2011-10-25T01:52:45.984
327.1 -10.50 2011-11-03T10:35:13.632
201.6 -43.20 2011-11-03T22:45:05.472
153.5 7.30 2011-11-05T10:57:36.288
129.5 -66.50 2011-11-07T00:50:25.728
315.5 -38.50 2011-11-07T01:49:46.272
133.7 -33.40 2011-11-09T10:52:32.160
130.0 44.70 2011-11-09T20:57:16.704
223.7 28.80 2011-11-12T21:47:48.480
4.3 -7.50 2011-11-13T09:50:11.904
268.1 -20.00 2011-11-14T05:35:45.024
12.7 23.00 2011-11-17T12:13:41.664
27.2 -16.10 2011-11-17T12:38:00.960
344.6 -37.30 2011-11-20T13:20:23.712
94.1 4.60 2011-11-24T07:24:10.080
103.7 3.50 2011-11-27T19:27:02.016
185.5 28.60 2011-12-01T14:22:44.832
53.2 33.50 2011-12-03T01:17:04.128
242.8 -22.10 2011-12-03T14:36:45.504
164.9 -17.90 2011-12-07T12:17:15.936
316.5 51.80 2011-12-08T08:28:10.560
186.0 5.80 2011-12-16T09:20:31.200
267.6 -56.00 2011-12-20T11:40:25.824
10.2 -29.80 2011-12-21T17:43:30.720
179.2 69.00 2011-12-22T14:51:55.296
21.5 3.90 2011-12-26T19:04:58.368
330.6 14.50 2011-12-28T10:52:50.304
150.1 18.30 2011-12-28T15:45:31.104
150.2 33.40 2011-12-30T16:23:08.736
242.6 -22.10 2011-12-30T19:39:31.968
185.9 52.90 2012-01-01T08:30:07.200
276.2 24.70 2012-01-02T02:16:22.944
341.1 -23.20 2012-01-02T09:59:01.536
203.7 40.10 2012-01-05T14:00:36.000
246.4 -69.90 2012-01-07T09:12:15.264
251.3 30.80 2012-01-09T19:46:01.632
95.3 5.00 2012-01-11T01:13:27.264
263.2 -75.60 2012-01-14T10:23:38.976
317.9 57.00 2012-01-14T16:20:05.568
124.9 -7.20 2012-01-18T17:00:23.040
166.6 47.90 2012-01-18T21:32:45.600
120.0 -9.80 2012-01-19T04:04:24.672
139.6 -61.30 2012-01-19T05:29:49.056
66.0 -33.90 2012-01-19T08:29:30.048
134.7 35.50 2012-01-20T10:21:25.056
235.7 -39.30 2012-01-21T02:25:54.048
208.9 -1.30 2012-01-21T06:00:44.928
96.6 16.50 2012-01-22T07:12:06.048
26.5 -8.50 2012-01-29T07:29:14.208
30.4 59.30 2012-01-29T13:55:46.560
150.0 -17.50 2012-01-30T16:47:10.752
65.0 9.50 2012-01-30T21:44:53.952
323.3 58.60 2012-01-30T22:30:34.560
339.3 -46.60 2012-02-03T19:29:23.712
292.6 -3.60 2012-02-04T01:17:07.584
243.4 25.90 2012-02-05T06:51:05.472
73.4 58.40 2012-02-06T22:46:16.320
54.7 -58.50 2012-02-10T15:35:43.584
303.4 -48.10 2012-02-12T08:27:47.232
43.1 -18.00 2012-02-12T09:11:23.424
183.5 5.80 2012-02-13T14:32:44.448
122.4 36.80 2012-02-17T19:23:50.208
298.7 32.70 2012-02-17T21:41:57.696
101.8 -1.40 2012-02-18T06:37:02.208
274.9 -31.10 2012-02-19T13:31:22.944
206.1 -57.40 2012-02-20T05:02:21.408
299.5 26.50 2012-02-22T00:29:36.384
340.0 -36.40 2012-02-22T02:51:54.432
219.6 -7.50 2012-02-23T22:23:49.344
118.4 41.30 2012-02-24T06:46:28.128
331.1 10.20 2012-02-24T21:33:07.200
87.6 52.30 2012-02-26T10:44:16.224
302.9 48.70 2012-02-26T20:54:16.992
84.8 8.50 2012-02-27T09:22:45.984
256.7 -88.90 2012-02-27T17:24:41.472
122.5 29.70 2012-03-02T01:55:33.600
24.1 9.70 2012-03-02T17:19:58.944
127.2 -61.10 2012-03-04T01:27:48.672
277.3 -46.20 2012-03-04T05:57:47.808
30.8 55.20 2012-03-08T14:06:06.048
251.8 23.90 2012-03-12T16:06:29.952
17.9 -48.70 2012-03-14T09:52:34.464
57.0 -56.30 2012-03-16T00:11:02.688
69.8 -45.40 2012-03-19T23:35:04.416
211.1 -45.20 2012-03-23T03:52:49.152
340.4 29.70 2012-03-23T12:10:19.488
273.9 69.30 2012-03-26T01:20:31.488
