data/grb_table_lite.ecsv
# %ECSV 0.9
# ---
# datatype:
# - name: ra
#   unit: deg
#   datatype: float32
#   format: '{:5.1f}'
#   description: Right Ascension in decimal degrees (J2000)
#   meta: !!omap
#   - {ucd: POS_EQ_RA_MAIN}
#   - {width: 5}
#   - {precision: '1'}
# - name: dec
#   unit: deg
#   datatype: float32
#   format: '{:6.2f}'
#   description: Declination in decimal degrees (J2000)
#   meta: !!omap
#   - {ucd: POS_EQ_DEC_MAIN}
#   - {width: 6}
#   - {precision: '2'}
# - {name: dates_JD, datatype: string}
# meta: !!omap
# - {ID: J_ApJS_223_28_GBM}
# - {name: J/ApJS/223/28/GBM}
# - {description: 'Third {gamma}-ray Burst Monitor (GBM) catalog (tables 5-8)'}
# schema: astropy-2.0
ra dec dates_JD
41.9 8.50 2008-07-14T02:04:12.000
187.5 -74.00 2008-07-14T10:12:01.728
188.1 -60.20 2008-07-14T17:52:54.048
214.7 9.90 2008-07-15T22:48:39.744
147.3 -70.00 2008-07-17T13:02:34.944
153.2 -61.30 2008-07-19T12:41:41.280
98.5 -43.90 2008-07-20T07:35:35.232
176.8 -60.20 2008-07-23T13:22:21.216
113.3 -19.70 2008-07-23T21:55:22.944
105.3 71.10 2008-07-23T23:37:42.528
358.3 32.90 2008-07-24T09:37:40.224
121.7 -14.00 2008-07-25T10:26:09.312
354.8 8.90 2008-07-25T12:59:24.000
32.6 64.10 2008-07-27T23:07:46.272
245.4 4.60 2008-07-30T12:29:15.648
246.6 28.70 2008-07-30T18:51:38.304
154.3 40.70 2008-08-02T09:15:10.656
300.1 82.80 2008-08-03T18:31:21.792
107.5 20.30 2008-08-04T10:56:07.296
328.7 -53.20 2008-08-04T23:20:14.496
322.7 47.90 2008-08-05T11:53:50.208
174.5 -23.10 2008-08-05T14:01:06.240
94.6 57.80 2008-08-06T14:01:11.424
241.8 46.70 2008-08-06T21:29:40.704
101.7 -16.00 2008-08-07T23:50:32.352
107.4 -33.80 2008-08-08T10:50:03.552
33.6 5.40 2008-08-08T13:33:48.096
96.7 -14.40 2008-08-08T18:31:39.936
91.7 61.40 2008-08-09T19:23:32.928
356.8 0.30 2008-08-10T13:10:12.864
176.7 -33.20 2008-08-12T21:19:34.176
240.9 -47.80 2008-08-15T22:00:05.472
156.2 42.60 2008-08-16T12:04:18.336
289.5 -6.80 2008-08-16T23:43:54.912
148.9 -16.30 2008-08-17T03:52:10.272
80.2 -17.10 2008-08-17T17:17:07.872
60.4 -6.90 2008-08-18T13:54:24.480
98.1 7.40 2008-08-18T22:40:48.864
238.6 32.60 2008-08-21T07:57:26.784
89.8 -42.40 2008-08-23T08:42:12.960
122.4 -2.80 2008-08-24T21:48:55.008
234.0 -4.70 2008-08-25T14:13:48.288
221.3 -12.30 2008-08-28T04:32:11.328
221.9 3.20 2008-08-29T18:57:36.000
160.1 30.80 2008-08-30T08:50:15.936
211.2 -51.70 2008-08-31T01:16:14.880
259.1 -23.20 2008-08-31T22:06:23.040
214.2 -30.30 2008-09-04T21:16:05.088
287.7 -18.90 2008-09-05T11:58:55.200
96.9 -69.80 2008-09-05T13:41:29.472
301.7 -62.60 2008-09-05T16:55:46.560
182.8 -6.40 2008-09-06T05:05:11.616
25.8 -7.20 2008-09-12T08:38:55.968
45.1 -3.00 2008-09-13T17:38:31.776
119.8 -56.60 2008-09-16T00:12:45.504
336.3 -57.00 2008-09-16T09:45:19.008
219.5 44.40 2008-09-19T18:57:35.136
121.6 8.90 2008-09-20T06:25:49.152
72.8 32.50 2008-09-24T18:22:36.480
96.1 18.20 2008-09-25T18:35:55.680
61.3 27.40 2008-09-27T11:30:32.256
95.1 -55.20 2008-09-28T15:04:56.352
259.1 35.40 2008-10-03T15:27:18.144
142.0 -67.40 2008-10-06T14:29:34.368
172.2 -61.00 2008-10-06T20:55:35.616
280.0 -57.40 2008-10-08T19:58:02.208
250.5 18.40 2008-10-09T03:20:57.984
64.6 14.20 2008-10-09T16:33:37.728
69.7 4.50 2008-10-12T01:05:22.560
30.2 -17.60 2008-10-12T13:10:23.232
109.0 -15.20 2008-10-17T11:22:37.056
190.3 -25.60 2008-10-21T09:33:27.936
205.4 16.60 2008-10-22T08:44:45.024
27.9 61.30 2008-10-24T05:53:08.736
145.8 -10.80 2008-10-24T20:25:34.176
322.9 21.20 2008-10-24T21:22:40.800
245.4 60.50 2008-10-25T08:23:05.568
16.0 -27.20 2008-10-28T12:55:08.256
213.3 -18.50 2008-11-01T04:00:40.032
95.8 -0.10 2008-11-01T11:46:32.160
207.5 -28.00 2008-11-01T12:45:24.192
225.3 22.00 2008-11-02T08:45:00.576
331.2 53.00 2008-11-02T17:44:21.696
215.8 38.70 2008-11-05T14:43:51.456
51.0 17.10 2008-11-07T07:42:01.440
330.8 -54.70 2008-11-09T07:02:02.112
111.7 21.40 2008-11-10T14:25:42.816
170.3 56.30 2008-11-13T05:31:32.736
190.6 63.30 2008-11-15T21:22:27.840
54.6 -43.30 2008-11-18T21:00:53.568
346.5 30.00 2008-11-19T04:25:26.976
205.4 -9.10 2008-11-20T14:49:34.464
89.3 -60.60 2008-11-21T20:35:27.744
339.1 40.00 2008-11-22T12:28:12.576
151.4 -2.10 2008-11-22T14:43:26.400
340.1 -14.60 2008-11-24T01:26:11.040
42.7 -18.90 2008-11-25T11:53:38.976
323.5 48.70 2008-11-26T21:34:09.408
63.2 -54.90 2008-11-29T03:52:04.224
34.2 45.40 2008-11-30T05:04:40.512
13.2 -5.50 2008-11-30T15:05:15.360
63.3 -62.60 2008-12-04T00:05:24.000
150.8 30.50 2008-12-04T12:24:26.208
120.1 32.80 2008-12-06T06:35:53.088
353.3 -31.90 2008-12-06T14:29:30.912
54.3 -8.60 2008-12-06T23:41:50.496
112.4 70.50 2008-12-07T16:18:46.944
45.3 63.50 2008-12-09T23:31:56.064
12.9 -33.90 2008-12-13T04:09:41.760
125.6 54.00 2008-12-15T18:48:36.864
228.6 -50.70 2008-12-15T21:06:52.992
129.2 7.60 2008-12-16T12:44:00.384
116.8 26.80 2008-12-17T23:34:48.864
15.8 -24.50 2008-12-21T16:21:12.096
22.7 -34.10 2008-12-22T04:54:00.288
112.5 33.20 2008-12-23T10:03:57.024
201.7 75.10 2008-12-24T21:17:55.680
234.1 -64.60 2008-12-25T06:09:21.600
120.5 -69.00 2008-12-26T01:03:37.152
193.0 26.80 2008-12-26T03:44:52.224
25.5 -47.40 2008-12-26T12:13:10.560
172.6 56.90 2008-12-29T04:29:02.112
310.0 22.80 2008-12-29T16:12:17.280
207.6 -17.30 2008-12-30T20:53:40.704
208.6 -35.80 2008-12-31T03:21:01.580
77.8 -31.60 2009-01-01T18:11:41.568
128.2 33.10 2009-01-02T02:55:30.432
284.8 59.60 2009-01-07T16:20:42.720
260.8 46.00 2009-01-08T00:29:02.688
0.4 -32.90 2009-01-08T07:43:23.520
129.6 51.80 2009-01-09T07:58:29.856
110.9 -30.40 2009-01-12T07:57:23.328
192.3 25.40 2009-01-12T17:30:15.840
32.1 33.40 2009-01-13T18:40:40.800
227.3 -41.50 2009-01-17T08:02:02.400
121.6 -38.80 2009-01-17T15:10:40.224
164.0 -58.20 2009-01-17T15:22:01.056
38.1 -72.20 2009-01-20T15:02:22.560
189.2 34.10 2009-01-26T05:26:22.560
224.9 41.20 2009-01-26T05:52:33.312
269.0 -32.80 2009-01-29T21:07:15.456
352.3 21.20 2009-01-31T02:09:21.312
274.3 -2.00 2009-02-02T08:19:30.432
156.2 8.80 2009-02-06T14:52:41.952
252.7 34.90 2009-02-07T18:39:10.944
330.6 -55.00 2009-02-13T05:39:25.344
204.9 -8.40 2009-02-17T04:56:42.720
26.5 59.20 2009-02-19T01:46:18.048
118.6 45.00 2009-02-22T04:17:09.312
358.2 61.00 2009-02-25T00:12:23.904
3.3 -43.00 2009-02-27T07:25:57.216
11.8 32.20 2009-02-27T18:31:01.056
106.8 -24.30 2009-02-28T04:53:20.544
357.6 36.70 2009-02-28T23:25:01.344
352.8 9.50 2009-03-01T07:33:37.728
195.9 -73.40 2009-03-04T05:10:48.576
135.0 74.30 2009-03-05T01:14:35.520
137.0 57.00 2009-03-06T05:52:05.664
172.7 -23.90 2009-03-07T03:59:56.832
21.9 -54.30 2009-03-08T17:36:24.768
174.3 -49.50 2009-03-09T18:25:06.816
184.9 -34.20 2009-03-10T04:32:50.208
256.1 -38.90 2009-03-16T07:27:42.624
283.3 -8.90 2009-03-19T14:55:35.616
108.3 -43.30 2009-03-20T01:05:10.464
238.0 -46.50 2009-03-20T10:01:45.696
183.4 49.80 2009-03-20T19:13:46.272
190.7 17.10 2009-03-23T00:02:42.432
259.7 -7.40 2009-03-26T15:10:49.728
33.1 -41.50 2009-03-27T09:41:41.280
90.9 -42.00 2009-03-28T09:36:46.656
155.7 33.40 2009-03-28T17:07:04.800
160.2 -8.20 2009-03-30T06:42:21.888
210.5 3.10 2009-03-31T16:20:20.256
67.1 47.20 2009-04-03T07:32:42.432
221.9 -9.20 2009-04-05T15:54:41.472
302.1 1.10 2009-04-09T06:54:01.728
156.0 -68.90 2009-04-11T20:06:37.152
38.5 5.10 2009-04-11T23:47:44.736
1.3 -51.90 2009-04-12T01:28:05.088
266.5 -9.20 2009-04-13T02:55:57.216
262.8 -28.20 2009-04-18T19:35:24.864
88.6 31.30 2009-04-19T23:55:05.376
294.7 40.40 2009-04-22T03:35:16.800
148.7 18.10 2009-04-23T07:55:25.824
189.5 16.80 2009-04-24T14:12:08.928
118.6 68.10 2009-04-25T09:03:30.816
17.6 -19.20 2009-04-26T01:35:35.232
82.7 -9.70 2009-04-26T16:33:33.408
210.0 -45.70 2009-04-27T15:27:00.864
356.2 -34.60 2009-04-27T16:30:24.192
210.1 39.50 2009-04-28T10:34:38.208
0.8 11.50 2009-04-28T13:15:10.944
260.0 54.30 2009-04-29T12:43:25.824
125.2 6.20 2009-04-29T18:03:57.600
267.8 -20.30 2009-05-02T18:39:34.272
241.4 -28.40 2009-05-09T05:10:05.376
333.6 -26.60 2009-05-10T00:22:59.808
269.4 -57.90 2009-05-10T07:47:39.264
161.9 51.30 2009-05-11T16:25:16.608
269.8 -31.60 2009-05-13T21:58:47.712
99.1 -72.90 2009-05-13T22:35:35.232
12.3 -10.90 2009-05-14T00:08:39.264
304.3 -24.40 2009-05-14T17:26:07.008
316.0 -44.00 2009-05-14T17:36:55.008
122.2 -71.60 2009-05-16T03:17:20.256
138.3 -11.90 2009-05-16T08:27:58.464
15.7 -13.70 2009-05-16T20:28:39.936
119.9 0.80 2009-05-18T01:54:44.352
211.2 -16.70 2009-05-18T05:51:04.320
105.9 -56.70 2009-05-19T11:05:27.168
142.3 0.20 2009-05-19T21:08:46.176
332.0 43.20 2009-05-20T19:57:53.568
111.2 -19.70 2009-05-20T20:23:19.392
131.3 -18.00 2009-05-20T21:01:36.768
277.7 19.60 2009-05-22T08:15:49.248
329.5 -67.40 2009-05-24T08:17:56.256
134.9 -35.80 2009-05-28T04:09:01.152
312.2 32.70 2009-05-28T12:22:31.296
231.2 32.20 2009-05-29T07:26:22.272
162.7 47.30 2009-05-29T13:32:00.096
73.2 13.80 2009-05-30T18:14:24.864
252.1 -36.00 2009-05-31T18:35:56.544
248.9 -65.00 2009-06-02T13:32:22.560
146.9 -70.50 2009-06-06T11:18:08.352
100.2 -37.40 2009-06-08T01:15:26.496
84.2 35.40 2009-06-10T15:33:26.208
276.0 -42.10 2009-06-10T17:21:32.256
70.4 30.30 2009-06-10T21:12:07.488
81.0 17.70 2009-06-12T14:50:50.496
103.1 -3.70 2009-06-16T03:45:42.336
78.9 15.60 2009-06-17T04:59:58.848
294.0 78.40 2009-06-18T08:28:26.976
237.4 61.20 2009-06-20T09:36:23.328
241.4 -43.00 2009-06-20T21:37:35.904
11.0 61.90 2009-06-21T04:26:34.368
257.5 -28.50 2009-06-21T10:00:52.128
12.3 -22.60 2009-06-21T10:43:45.120
313.4 69.00 2009-06-21T22:07:26.112
309.0 -43.20 2009-06-23T02:34:17.760
41.7 1.80 2009-06-23T21:54:25.056
20.3 -6.40 2009-06-25T05:37:00.192
2.3 -65.80 2009-06-25T13:26:22.272
170.0 -33.50 2009-06-26T04:32:08.736
136.4 14.40 2009-06-26T16:58:45.408
8.5 17.70 2009-06-29T13:01:21.504
146.6 -46.60 2009-06-30T07:27:21.024
114.7 -42.10 2009-07-01T05:23:55.680
0.8 9.70 2009-07-03T07:54:02.880
208.2 22.80 2009-07-04T05:47:48.192
296.4 25.90 2009-07-04T18:47:00.960
205.1 -47.10 2009-07-06T06:47:40.704
154.6 26.60 2009-07-08T03:38:18.240
93.6 64.10 2009-07-09T15:07:41.376
139.6 -64.70 2009-07-11T20:23:22.848
70.1 22.50 2009-07-12T03:51:00.288
284.8 -3.30 2009-07-13T00:29:27.744
92.4 -62.50 2009-07-17T00:49:32.160
246.9 23.00 2009-07-17T02:40:31.872
243.8 -6.70 2009-07-18T17:16:42.816
274.1 -36.40 2009-07-18T18:17:42.720
341.3 -67.90 2009-07-19T01:31:26.400
199.5 -16.40 2009-07-20T06:38:07.872
203.0 -54.80 2009-07-20T17:02:56.832
281.9 -69.50 2009-07-25T20:06:20.736
240.4 36.80 2009-07-26T05:14:07.296
252.6 30.50 2009-07-30T14:35:07.872
84.3 34.10 2009-08-02T05:39:02.880
267.0 -71.80 2009-08-02T15:58:23.520
130.4 -11.30 2009-08-04T22:33:20.448
300.0 -50.80 2009-08-05T14:55:18.336
326.9 7.20 2009-08-07T19:57:58.752
95.2 0.20 2009-08-09T23:28:14.880
168.9 -76.40 2009-08-10T15:49:07.968
116.4 -17.50 2009-08-10T18:44:44.448
277.0 22.20 2009-08-11T16:41:50.208
225.8 88.60 2009-08-13T04:10:42.240
332.5 58.90 2009-08-14T08:49:41.376
307.6 45.70 2009-08-14T22:47:28.896
41.0 -2.70 2009-08-15T07:12:12.096
21.4 53.40 2009-08-15T10:30:41.472
251.3 52.90 2009-08-15T22:41:46.752
64.0 44.10 2009-08-17T00:51:26.208
49.1 -67.10 2009-08-19T14:34:27.264
87.7 27.10 2009-08-20T00:38:16.512
318.3 -18.60 2009-08-20T12:13:16.608
49.5 -17.60 2009-08-23T03:10:54.048
46.7 59.80 2009-08-24T22:02:19.392
140.6 -0.10 2009-08-26T01:37:31.872
124.4 -26.10 2009-08-28T02:22:48.288
329.2 -34.20 2009-08-29T16:07:39.072
355.0 -9.40 2009-08-29T16:50:39.840
145.1 51.00 2009-08-31T07:36:36.576
291.0 53.10 2009-09-02T09:38:05.280
264.9 27.30 2009-09-02T11:05:08.160
264.2 -25.20 2009-09-04T01:24:13.536
261.6 4.60 2009-09-04T13:57:17.280
86.3 -38.80 2009-09-07T00:24:09.792
81.1 20.50 2009-09-07T19:23:47.616
282.2 3.50 2009-09-08T07:31:52.320
174.1 -25.10 2009-09-08T08:10:39.936
32.3 53.90 2009-09-09T11:41:16.800
54.2 -25.00 2009-09-09T20:29:52.512
296.2 72.30 2009-09-10T19:29:48.768
188.0 61.50 2009-09-12T15:50:29.184
238.0 15.50 2009-09-15T15:35:35.808
230.3 -11.70 2009-09-17T15:51:39.168
299.7 -52.20 2009-09-20T00:49:58.944
17.2 74.30 2009-09-22T12:56:42.432
38.4 -73.10 2009-09-22T14:30:41.760
69.7 -65.00 2009-09-24T14:59:53.952
333.2 14.30 2009-09-25T09:20:33.792
353.4 -66.30 2009-09-26T04:20:27.168
46.3 -39.00 2009-09-26T21:55:28.128
344.0 -71.00 2009-09-27T10:07:17.472
103.9 -43.50 2009-09-28T15:29:45.024
51.7 -7.30 2009-09-29T04:33:04.032
41.9 -14.00 2009-10-02T16:26:11.040
251.5 36.60 2009-10-03T04:35:45.600
43.1 12.10 2009-10-05T16:17:30.912
243.1 -31.00 2009-10-06T08:38:47.328
298.7 -22.50 2009-10-10T02:43:09.120
109.4 87.30 2009-10-12T18:47:02.688
316.1 -49.50 2009-10-15T03:05:43.008
210.8 25.50 2009-10-17T20:40:24.096
214.4 -64.70 2009-10-17T23:38:57.696
321.8 -23.10 2009-10-18T22:58:20.352
226.0 80.30 2009-10-19T18:00:40.608
175.7 51.00 2009-10-20T21:36:44.064
187.8 -13.40 2009-10-20T23:26:34.656
215.4 26.00 2009-10-23T00:29:44.160
339.3 56.90 2009-10-24T08:55:58.080
339.3 56.90 2009-10-24T09:06:29.664
137.1 -23.60 2009-10-26T11:38:48.192
276.6 -86.10 2009-10-26T13:11:33.216
249.0 23.50 2009-10-30T14:43:16.032
41.7 21.50 2009-10-30T19:52:26.976
70.6 -59.10 2009-10-31T12:00:28.512
29.8 -33.70 2009-11-01T03:26:32.352
72.6 -72.50 2009-11-02T14:34:38.496
170.6 11.30 2009-11-03T21:53:51.360
49.1 60.30 2009-11-06T18:17:12.480
182.4 38.90 2009-11-07T15:13:59.808
247.7 42.30 2009-11-09T21:28:40.224
257.7 -36.70 2009-11-12T17:41:15.936
208.4 37.20 2009-11-12T22:15:51.552
307.8 71.50 2009-11-15T04:14:50.208
246.5 -73.90 2009-11-17T01:55:24.960
226.8 -21.80 2009-11-20T04:34:39.936
110.9 0.60 2009-11-22T03:54:20.736
337.8 13.40 2009-11-23T01:55:59.520
297.1 -29.20 2009-11-23T07:08:36.960
83.2 -19.30 2009-11-26T07:59:25.152
47.4 31.50 2009-11-26T09:19:48.864
36.6 -19.00 2009-11-27T23:25:45.408
127.7 1.70 2009-11-28T06:50:34.368
27.8 11.90 2009-12-01T02:07:33.312
257.5 -1.90 2009-12-02T01:44:06.720
13.9 9.10 2009-12-02T05:15:42.336
12.7 -50.20 2009-12-07T08:00:10.080
29.4 16.90 2009-12-08T09:49:58.080
261.0 38.30 2009-12-09T00:00:44.928
283.2 17.50 2009-12-15T05:37:26.976
294.5 71.90 2009-12-19T11:04:45.696
166.8 4.80 2009-12-20T10:36:50.400
55.8 23.20 2009-12-21T20:52:57.504
203.2 76.30 2009-12-23T04:35:10.176
231.3 54.70 2009-12-23T12:15:53.856
331.2 18.30 2009-12-24T08:57:36.576
296.9 2.60 2009-12-27T07:03:12.960
101.5 0.70 2009-12-30T06:14:09.312
51.7 77.20 2009-12-30T17:05:14.208
199.4 -60.70 2009-12-31T04:56:33.216
241.3 3.30 2009-12-31T12:57:48.960
307.3 -27.00 2010-01-01T00:39:48.960
70.7 18.70 2010-01-01T23:42:15.552
6.3 -21.20 2010-01-07T01:46:31.872
247.0 15.60 2010-01-11T04:12:50.112
240.1 -75.10 2010-01-12T10:01:17.184
305.0 14.40 2010-01-16T21:31:00.192
11.3 -1.60 2010-01-17T21:06:19.296
9.3 -37.40 2010-01-18T02:23:34.080
79.2 -2.70 2010-01-22T14:47:36.960
338.4 -18.70 2010-01-26T11:03:05.472
21.2 -24.80 2010-01-30T17:29:24.000
78.6 20.80 2010-01-30T18:38:35.520
120.4 16.50 2010-01-31T17:30:57.312
133.1 -37.30 2010-02-01T14:06:17.280
50.8 -47.90 2010-02-04T00:33:53.856
273.1 -52.80 2010-02-04T13:34:43.392
91.3 -20.90 2010-02-04T20:36:04.032
133.9 -23.00 2010-02-05T11:45:38.592
47.2 13.20 2010-02-06T13:30:05.184
307.9 -27.70 2010-02-07T15:57:55.008
321.8 -15.80 2010-02-07T17:18:29.952
260.2 27.50 2010-02-08T09:15:33.984
244.4 16.10 2010-02-10T02:24:49.248
132.2 29.50 2010-02-11T10:33:35.136
134.3 32.20 2010-02-12T13:11:45.312
1.8 46.00 2010-02-12T14:07:22.080
154.3 35.50 2010-02-16T10:07:00.192
206.6 -11.90 2010-02-18T04:38:46.176
330.9 37.80 2010-02-19T00:37:15.168
27.1 -17.40 2010-02-21T08:50:26.304
104.5 3.70 2010-02-23T02:38:09.312
269.6 -17.10 2010-02-24T02:40:55.200
310.3 -59.40 2010-02-25T02:45:30.816
352.9 15.00 2010-02-25T05:59:05.568
314.3 0.20 2010-02-25T13:55:31.008
147.9 34.00 2010-02-25T16:52:18.336
199.8 15.60 2010-02-28T13:02:40.992
118.0 18.60 2010-02-28T20:57:47.808
110.1 -15.70 2010-03-01T01:37:18.912
201.9 19.80 2010-03-01T05:21:46.080
76.2 60.50 2010-03-04T00:05:20.544
260.1 -21.90 2010-03-04T12:48:18.720
216.0 -29.40 2010-03-06T04:46:25.824
129.4 33.00 2010-03-07T22:16:30.432
303.4 -27.80 2010-03-11T12:25:54.336
172.7 -52.60 2010-03-13T06:54:23.328
186.4 11.70 2010-03-13T12:12:16.992
208.9 30.10 2010-03-15T08:39:12.384
211.0 21.20 2010-03-18T14:39:24.480
23.3 -10.20 2010-03-22T01:05:09.600
188.9 -18.70 2010-03-23T13:00:44.352
39.7 -19.30 2010-03-24T04:07:36.480
209.1 -79.10 2010-03-25T05:54:43.776
330.2 -26.50 2010-03-25T06:36:07.776
131.2 -28.20 2010-03-26T07:03:05.184
314.7 0.50 2010-03-26T09:38:19.968
155.9 47.00 2010-03-28T03:22:44.256
202.1 -0.90 2010-03-30T07:24:51.552
326.4 -7.00 2010-03-30T20:32:47.904
290.8 -8.30 2010-04-01T07:07:32.160
77.8 26.90 2010-04-06T18:11:26.016
130.0 21.50 2010-04-10T08:31:57.792
78.1 61.30 2010-04-10T17:45:46.368
210.6 47.90 2010-04-11T12:22:57.216
266.2 15.80 2010-04-13T17:33:31.968
192.1 8.70 2010-04-14T02:20:22.272
261.3 50.40 2010-04-17T03:59:43.872
295.8 9.80 2010-04-17T18:55:40.224
120.6 -5.80 2010-04-20T00:12:06.624
