data/grb_table_lite.ecsv
# %ECSV 0.9
# ---
# datatype:
# - name: ra
#   unit: deg
#   datatype: float32
#   format: '{:5.1f}'
#   description: Right Ascension in decimal degrees (J2000)
#   meta: !!omap
#   - {ucd: POS_EQ_RA_MAIN}
#   - {width: 5}
#   - {precision: '1'}
# - name: dec
#   unit: deg
#   datatype: float32
#   format: '{:6.2f}'
#   description: Declination in decimal degrees (J2000)
#   meta: !!omap
#   - {ucd: POS_EQ_DEC_MAIN}
#   - {width: 6}
#   - {precision: '2'}
# - {name: dates_JD, datatype: float64}
# meta: !!omap
# - {ID: J_ApJS_223_28_GBM}
# - {name: J/ApJS/223/28/GBM}
# - {description: 'Third {gamma}-ray Burst Monitor (GBM) catalog (tables 5-8)'}
# schema: astropy-2.0
ra dec dates_JD
[from data line 617]
85.1 -17.10 2455567.37685
134.2 47.00 2455568.39324
299.1 42.00 2455569.38602
11.6 -9.60 2455570.4766
10.6 64.40 2455574.43397
130.9 47.60 2455578.86448
129.5 -12.90 2455579.12601
226.6 -39.50 2455580.35716
348.6 6.00 2455581.43125
61.6 -12.00 2455582.16643
247.0 28.00 2455585.30399
53.8 36.30 2455586.28413
331.4 -46.20 2455587.39408
193.9 28.10 2455589.57264
111.5 38.20 2455591.73047
183.8 72.90 2455593.27961
137.6 88.60 2455593.89942
1.8 -17.40 2455596.6786
359.7 -80.40 2455597.52714
312.7 -55.90 2455598.08843
333.7 1.60 2455598.70181
12.5 -10.80 2455599.97037
179.0 -58.40 2455600.45864
329.7 -21.90 2455601.66537
311.3 -74.50 2455605.05039
43.0 49.30 2455605.72027
6.3 27.50 2455606.37559
274.7 32.30 2455610.09082
185.5 16.60 2455613.26136
15.2 66.10 2455613.74397
199.3 35.80 2455619.48925
148.7 -54.00 2455619.50866
25.2 15.90 2455619.72929
232.7 -9.90 2455619.91959
10.3 -45.70 2455620.5111
245.1 16.40 2455621.29156
229.4 29.40 2455621.71439
122.3 2.90 2455622.54296
322.9 33.30 2455624.57122
193.1 15.60 2455628.47162
117.6 34.30 2455632.31205
46.7 -67.60 2455636.63868
338.3 -15.30 2455639.05158
208.0 -51.60 2455640.1283
325.6 -57.10 2455640.3153
13.3 -21.80 2455641.84563
99.0 -48.90 2455643.05813
117.7 43.10 2455649.02036
6.7 26.00 2455652.10355
268.6 26.90 2455653.41967
197.4 61.20 2455653.50901
97.4 -11.90 2455659.49788
238.7 -34.30 2455660.67871
30.9 -15.90 2455661.63255
337.2 -22.00 2455662.27176
210.3 -65.00 2455663.12865
133.5 13.50 2455663.815
352.7 32.30 2455665.4383
213.8 9.10 2455667.04124
320.0 -41.30 2455672.44597
277.2 50.80 2455673.25741
226.7 43.00 2455673.52903
293.3 -11.10 2455676.25806
219.9 -8.70 2455678.12947
128.4 19.90 2455679.83826
5.3 64.80 2455679.88785
147.1 67.90 2455681.87516
70.5 -10.90 2455684.64475
16.8 -32.30 2455686.70343
180.8 -34.00 2455690.64212
74.7 -27.00 2455690.97518
214.1 -45.40 2455693.11612
296.1 -73.80 2455698.95319
190.1 6.30 2455699.07277
85.6 47.30 2455699.40195
71.0 -85.90 2455701.80169
57.5 -62.30 2455702.97846
228.9 55.50 2455703.75576
184.5 49.30 2455703.79586
180.6 -26.80 2455704.13329
219.0 -15.40 2455704.84438
102.5 -16.40 2455708.2146
44.8 -6.90 2455710.12412
118.3 67.90 2455710.53383
172.6 8.80 2455710.76228
340.6 1.90 2455711.31056
190.5 11.90 2455712.94804
310.7 11.50 2455714.18074
14.9 52.50 2455717.68301
242.1 -3.10 2455718.27973
327.8 44.60 2455721.68485
317.6 -38.20 2455721.92507
308.2 74.80 2455723.13996
336.9 -3.50 2455726.13109
274.5 -34.00 2455729.14821
176.8 -71.70 2455730.86639
147.1 -7.50 2455731.25991
134.0 19.50 2455734.65786
65.0 -15.90 2455737.40585
315.3 -39.40 2455738.07876
286.7 6.80 2455738.38077
131.9 5.60 2455738.94785
69.4 25.00 2455741.67359
5.6 -37.70 2455744.68714
155.4 -29.30 2455746.05712
156.0 40.10 2455747.65083
123.0 28.80 2455747.8637
100.1 6.10 2455748.70213
94.2 -50.80 2455748.97657
9.1 31.70 2455749.22774
347.5 7.10 2455749.47698
155.4 23.10 2455751.96312
238.9 40.90 2455752.14198
156.2 -41.80 2455752.36169
229.1 48.40 2455753.45406
329.7 -77.00 2455758.51759
308.5 -7.80 2455759.68045
312.8 -14.80 2455759.8194
198.6 -44.30 2455762.67676
332.5 -38.60 2455763.69981
215.1 5.00 2455765.19394
8.3 62.70 2455765.20956
270.1 -25.20 2455767.7359
317.7 2.50 2455768.71111
166.6 20.10 2455770.55582
353.4 5.00 2455771.64243
263.1 -22.80 2455772.50827
335.1 -2.90 2455773.16023
280.5 -28.50 2455773.96493
248.3 -57.10 2455774.83453
300.4 -11.40 2455777.28293
112.0 2.40 2455780.43439
172.2 -13.90 2455782.96081
77.8 1.70 2455786.39941
61.2 34.60 2455786.7367
336.0 -45.80 2455790.69111
317.3 -64.00 2455792.35966
139.5 -76.60 2455793.16522
90.5 21.60 2455793.97621
152.1 1.30 2455797.50914
44.9 15.40 2455798.60198
251.3 -80.30 2455798.76541
110.6 -23.80 2455802.07517
352.4 33.70 2455804.78156
141.3 -15.80 2455805.73037
164.2 42.10 2455807.5091
197.1 59.00 2455807.61082
359.7 35.90 2455808.6238
190.4 -28.90 2455808.66292
323.7 23.90 2455809.03078
26.3 17.60 2455810.80224
347.3 -24.20 2455813.61595
258.6 -67.00 2455815.57062
4.1 40.40 2455820.51599
280.0 66.40 2455824.13352
87.6 38.80 2455824.83838
209.8 -27.60 2455825.04565
6.1 -5.80 2455825.94361
294.1 36.40 2455826.07734
18.0 -27.80 2455826.41163
323.4 -10.90 2455828.3347
69.4 10.40 2455830.60667
153.4 34.30 2455832.68046
288.2 -62.20 2455833.68673
187.3 -53.70 2455835.06425
340.0 -15.30 2455836.30415
276.8 -62.30 2455837.96528
340.3 75.80 2455839.89796
220.8 -5.70 2455843.49238
183.0 -56.80 2455843.78171
87.1 44.00 2455844.73651
183.5 -31.70 2455845.15997
69.8 41.90 2455845.20874
77.0 -15.00 2455845.39877
38.0 -12.50 2455845.59386
154.0 68.10 2455846.95599
97.2 67.10 2455847.31087
220.6 -58.40 2455849.92723
8.1 -7.00 2455852.15652
106.1 66.10 2455853.09501
124.2 81.30 2455853.28489
104.5 -33.10 2455857.35375
162.7 -44.90 2455859.22156
91.2 -1.80 2455859.39586
325.6 -35.50 2455859.57831
327.1 -10.50 2455868.94113
201.6 -43.20 2455869.44798
153.5 7.30 2455870.95667
129.5 -66.50 2455872.53502
315.5 -38.50 2455872.57623
133.7 -33.40 2455874.95315
130.0 44.70 2455875.37311
223.7 28.80 2455878.4082
4.3 -7.50 2455878.90986
268.1 -20.00 2455879.73316
12.7 23.00 2455883.00951
27.2 -16.10 2455883.0264
344.6 -37.30 2455886.05583
94.1 4.60 2455889.80845
103.7 3.50 2455893.31044
185.5 28.60 2455897.09913
53.2 33.50 2455898.55352
242.8 -22.10 2455899.10886
164.9 -17.90 2455903.01199
316.5 51.80 2455903.8529
186.0 5.80 2455911.88925
267.6 -56.00 2455915.98641
10.2 -29.80 2455917.23855
179.2 69.00 2455918.11939
21.5 3.90 2455922.29512
330.6 14.50 2455923.95336
150.1 18.30 2455924.15661
150.2 33.40 2455926.18274
242.6 -22.10 2455926.31912
185.9 52.90 2455927.85425
276.2 24.70 2455928.59471
341.1 -23.20 2455928.91599
203.7 40.10 2455932.08375
246.4 -69.90 2455933.88351
251.3 30.80 2455936.32363
95.3 5.00 2455937.55101
263.2 -75.60 2455940.93309
317.9 57.00 2455941.18062
124.9 -7.20 2455945.2086
166.6 47.90 2455945.39775
120.0 -9.80 2455945.66973
139.6 -61.30 2455945.72904
66.0 -33.90 2455945.85382
134.7 35.50 2455946.93154
235.7 -39.30 2455947.60132
208.9 -1.30 2455947.75052
96.6 16.50 2455948.80007
26.5 -8.50 2455955.81197
30.4 59.30 2455956.0804
150.0 -17.50 2455957.19943
65.0 9.50 2455957.40618
323.3 58.60 2455957.4379
339.3 -46.60 2455961.31208
292.6 -3.60 2455961.55356
243.4 25.90 2455962.78548
73.4 58.40 2455964.4488
54.7 -58.50 2455968.14981
303.4 -48.10 2455969.85263
43.1 -18.00 2455969.88291
183.5 5.80 2455971.10607
122.4 36.80 2455975.30822
298.7 32.70 2455975.40414
101.8 -1.40 2455975.77572
274.9 -31.10 2455977.06346
206.1 -57.40 2455977.70997
299.5 26.50 2455979.52056
340.0 -36.40 2455979.61938
219.6 -7.50 2455981.43321
118.4 41.30 2455981.78227
331.1 10.20 2455982.398
87.6 52.30 2455983.94741
302.9 48.70 2455984.37103
84.8 8.50 2455984.89081
256.7 -88.90 2455985.22548
122.5 29.70 2455988.58025
24.1 9.70 2455989.22221
127.2 -61.10 2455990.56098
277.3 -46.20 2455990.74847
30.8 55.20 2455995.08757
251.8 23.90 2455999.17118
17.9 -48.70 2456000.91151
57.0 -56.30 2456002.50767
69.8 -45.40 2456006.48269
211.1 -45.20 2456009.66168
340.4 29.70 2456010.00717
273.9 69.30 2456012.55592
170.4 23.80 2456013.91793
228.1 22.80 2456014.7683
26.4 -54.80 2456017.55494
223.7 -10.40 2456020.16945
55.3 -89.00 2456021.35693
159.6 -17.00 2456028.08472
38.1 -7.20 2456029.4253
29.4 -24.70 2456029.55465
38.9 7.10 2456030.41991
213.5 16.70 2456032.57636
190.7 4.90 2456033.39145
150.5 61.30 2456033.45786
47.9 -52.20 2456037.7487
109.3 10.80 2456038.35779
111.5 -65.60 2456043.58975
285.5 -13.70 2456044.08498
224.9 29.30 2456044.55379
114.7 50.20 2456044.65322
166.0 -8.80 2456046.50286
133.0 -32.20 2456046.98407
47.2 18.50 2456048.47967
329.9 46.80 2456051.96782
200.3 -24.20 2456052.44454
172.2 -33.70 2456053.6285
195.4 38.30 2456057.11948
186.9 -55.20 2456058.4003
226.9 -60.50 2456059.13805
325.6 13.60 2456059.61232
140.8 75.00 2456061.03056
180.2 20.50 2456067.22101
45.9 35.30 2456068.4489
197.0 -52.70 2456068.88047
56.1 54.80 2456069.86061
358.1 -15.60 2456071.63397
66.3 -32.20 2456073.80325
295.1 6.50 2456075.94167
176.0 78.80 2456077.62062
290.4 1.20 2456078.8935
198.8 4.30 2456081.939
163.9 -7.40 2456082.71981
113.6 -2.80 2456082.84283
243.6 41.50 2456083.95296
230.0 -26.10 2456086.98879
313.3 12.60 2456087.27677
67.3 13.00 2456088.07958
324.7 -44.80 2456089.60834
211.9 34.60 2456091.18039
39.7 -37.90 2456091.18732
79.7 56.40 2456095.12975
77.3 75.80 2456096.62766
213.6 -2.10 2456097.41915
190.7 -25.00 2456098.38422
4.8 7.20 2456102.80863
172.9 6.50 2456103.43327
51.3 51.10 2456103.61859
176.2 -0.60 2456108.06541
182.7 -45.70 2456110.15403
227.8 36.80 2456111.39119
69.5 34.70 2456111.9175
210.5 46.30 2456111.99788
339.4 -29.70 2456112.22589
291.1 -34.40 2456116.3002
318.4 -50.10 2456118.38311
120.4 -31.10 2456118.5995
94.7 -71.00 2456119.61451
127.9 -31.80 2456119.94646
169.6 -20.00 2456121.07113
313.1 9.60 2456125.21185
103.8 -45.90 2456136.93431
137.1 -54.40 2456137.43418
13.1 49.90 2456137.9557
43.7 -31.70 2456150.51424
199.7 62.30 2456151.14925
8.3 -26.40 2456156.6684
88.5 -28.70 2456169.79657
74.7 -9.30 2456177.51695
230.6 -25.80 2456179.43819
275.7 -59.50 2456179.5704
358.0 63.10 2456181.79762
146.4 27.00 2456184.3461
213.6 -14.50 2456184.49721
205.8 36.70 2456186.67269
214.8 -45.60 2456189.80882
96.4 -64.80 2456192.37713
234.7 -20.20 2456193.439
260.2 41.10 2456211.96905
33.4 14.60 2456213.2238
226.8 -28.20 2456229.85023
170.8 -3.50 2456232.44948
307.2 63.20 2456250.07563
43.9 48.20 2456254.38533
307.3 -11.90 2456254.92084
228.5 55.30 2456256.8559
176.4 -52.40 2456259.41389
300.6 54.30 2456259.7124
256.8 24.00 2456263.68066
195.5 30.20 2456273.07435
153.7 -62.40 2456278.81252
310.5 -34.80 2456286.91729
251.1 -17.10 2456320.24333
140.4 -58.20 2456330.31702
43.5 13.40 2456338.5635
58.9 2.00 2456340.29041
67.9 14.70 2456340.42733
303.7 40.80 2456343.2749
116.8 52.00 2456356.98555
279.5 -11.70 2456358.49127
156.0 23.00 2456358.62621
142.3 -17.20 2456362.34006
195.5 -71.30 2456372.06012
122.8 -18.90 2456376.70271
218.1 -69.50 2456378.85005
196.1 59.40 2456402.81273
183.1 54.40 2456403.03927
17.8 -72.80 2456407.82727
173.1 27.70 2456409.82438
66.8 71.10 2456414.82722
138.6 -0.10 2456415.24341
348.0 -5.70 2456416.81393
91.6 3.80 2456417.47844
147.6 -19.00 2456427.0601
283.4 -54.30 2456427.55646
355.7 47.50 2456431.0796
138.7 87.30 2456441.19542
292.2 -24.90 2456447.53346
218.6 -22.10 2456449.99692
152.7 24.10 2456452.6286
53.8 -40.20 2456453.4018
224.4 28.20 2456453.63345
259.8 16.70 2456455.64055
324.2 -33.90 2456458.49734
20.7 -77.80 2456466.98804
273.1 -9.50 2456469.95213
184.4 -37.10 2456470.8716
6.3 -5.10 2456472.03058
97.8 -60.10 2456474.56049
217.3 15.80 2456475.50374
17.5 0.00 2456481.98824
287.4 -31.10 2456489.40567
179.6 63.10 2456489.94229
330.8 -65.50 2456501.19816
220.3 -2.50 2456507.91868
280.0 -76.20 2456508.5231
197.1 -58.90 2456520.57394
314.1 -12.00 2456526.17394
259.8 28.20 2456532.80556
82.1 -0.10 2456538.53301
47.6 14.00 2456547.85762
41.2 -26.10 2456560.66416
41.2 -26.10 2456560.67323
253.2 82.10 2456567.78828
296.1 -3.00 2456570.40351
325.4 -26.60 2456571.86691
139.4 -0.90 2456572.34019
328.0 -26.00 2456574.35837
32.5 -4.40 2456577.24138
100.5 -19.10 2456579.71459
304.4 23.10 2456584.17268
144.5 44.30 2456590.39964
57.0 72.20 2456593.57572
200.8 48.30 2456595.47278
29.6 -1.60 2456596.98163
71.0 -63.00 2456601.58673
156.5 9.70 2456605.36245
349.9 -66.80 2456615.45761
114.7 48.40 2456622.18948
215.4 53.50 2456622.66262
306.1 -0.80 2456624.09188
355.3 31.30 2456625.12946
344.1 -21.70 2456629.13346
136.5 -33.20 2456636.04719
91.6 -35.50 2456642.58093
85.2 -4.40 2456655.77737
10.6 -1.60 2456657.6981
211.9 1.30 2456660.38724
218.8 -8.90 2456662.23059
208.2 50.20 2456662.5646
325.1 58.70 2456666.22133
28.9 -36.30 2456667.76294
331.0 -17.90 2456675.56398
315.3 -8.50 2456694.77515
145.3 66.80 2456694.80435
81.3 32.50 2456697.81317
158.2 7.20 2456708.32398
253.9 -12.90 2456718.84235
30.6 33.50 2456721.05731
27.9 49.00 2456722.64566
183.6 62.80 2456728.11751
252.3 52.70 2456728.38513
281.9 -11.20 2456736.5922
357.0 -79.90 2456739.93256
145.7 -32.20 2456745.79489
328.1 -57.70 2456746.68049
207.6 6.00 2456749.50703
70.1 13.50 2456753.64361
290.7 -12.60 2456756.05272
35.4 43.90 2456763.5602
197.3 49.80 2456770.856
2.0 68.20 2456776.406
171.9 24.60 2456778.63867
319.2 49.00 2456779.8544
276.8 -55.60 2456784.38029
255.5 46.80 2456785.62772
289.4 -15.10 2456790.31369
320.0 67.60 2456799.23216
133.3 25.00 2456800.62914
280.7 -59.10 2456806.33707
328.1 32.00 2456814.63324
286.3 3.90 2456819.18853
132.7 -9.70 2456827.97547
281.9 49.70 2456828.71907
25.1 22.40 2456830.32651
225.5 81.20 2456831.72369
23.2 -0.60 2456832.9227
13.0 45.10 2456841.52578
49.3 -38.10 2456845.31498
304.6 51.20 2456847.55117
146.1 63.50 2456848.13742
204.6 -58.60 2456849.40113
