data/grb_table_lite.ecsv
# %ECSV 0.9
# ---
# datatype:
# - name: ra
#   unit: deg
#   datatype: float32
#   format: '{:5.1f}'
#   description: Right Ascension in decimal degrees (J2000)
#   meta: !!omap
#   - {ucd: POS_EQ_RA_MAIN}
#   - {width: 5}
#   - {precision: '1'}
# - name: dec
#   unit: deg
#   datatype: float32
#   format: '{:6.2f}'
#   description: Declination in decimal degrees (J2000)
#   meta: !!omap
#   - {ucd: POS_EQ_DEC_MAIN}
#   - {width: 6}
#   - {precision: '2'}
# - {name: dates_JD, datatype: float64}
# meta: !!omap
# - {ID: J_ApJS_223_28_GBM}
# - {name: J/ApJS/223/28/GBM}
# - {description: 'Third {gamma}-ray Burst Monitor (GBM) catalog (tables 5-8)'}
# schema: astropy-2.0
ra dec dates_JD
41.9 8.50 2454661.58625
187.5 -74.00 2454661.92502
188.1 -60.20 2454662.24507
214.7 9.90 2454663.45046
147.3 -70.00 2454665.04346
153.2 -61.30 2454667.02895
98.5 -43.90 2454667.81638
176.8 -60.20 2454671.05719
113.3 -19.70 2454671.41346
105.3 71.10 2454671.48452
358.3 32.90 2454671.90116
121.7 -14.00 2454672.93483
354.8 8.90 2454673.04125
32.6 64.10 2454675.46373
245.4 4.60 2454678.02032
246.6 28.70 2454678.28586
154.3 40.70 2454680.88554
300.1 82.80 2454682.27178
107.5 20.30 2454682.95564
328.7 -53.20 2454683.47239
322.7 47.90 2454683.99572
174.5 -23.10 2454684.0841
94.6 57.80 2454685.08416
241.8 46.70 2454685.39561
101.7 -16.00 2454686.49343
107.4 -33.80 2454686.95143
33.6 5.40 2454687.06514
96.7 -14.40 2454687.27199
91.7 61.40 2454688.30802
356.8 0.30 2454689.04876
176.7 -33.20 2454691.38859
240.9 -47.80 2454694.41673
156.2 42.60 2454695.00299
289.5 -6.80 2454695.48883
148.9 -16.30 2454695.66123
80.2 -17.10 2454696.22023
60.4 -6.90 2454697.07945
98.1 7.40 2454697.44501
238.6 32.60 2454699.83156
89.8 -42.40 2454701.86265
122.4 -2.80 2454703.40897
234.0 -4.70 2454704.09292
221.3 -12.30 2454706.68902
221.9 3.20 2454708.29
160.1 30.80 2454708.86824
211.2 -51.70 2454709.55295
259.1 -23.20 2454710.4211
214.2 -30.30 2454714.38617
287.7 -18.90 2454714.99925
96.9 -69.80 2454715.07048
301.7 -62.60 2454715.2054
182.8 -6.40 2454715.71194
25.8 -7.20 2454721.86037
45.1 -3.00 2454723.23509
119.8 -56.60 2454725.50886
336.3 -57.00 2454725.90647
219.5 44.40 2454729.28999
121.6 8.90 2454729.76793
72.8 32.50 2454734.2657
96.1 18.20 2454735.27495
61.3 27.40 2454736.97954
95.1 -55.20 2454738.12843
259.1 35.40 2454743.14396
142.0 -67.40 2454746.10387
172.2 -61.00 2454746.37194
280.0 -57.40 2454748.33197
250.5 18.40 2454748.63956
64.6 14.20 2454749.19002
69.7 4.50 2454751.5454
30.2 -17.60 2454752.04888
109.0 -15.20 2454756.97404
190.3 -25.60 2454760.89824
205.4 16.60 2454761.86441
27.9 61.30 2454763.74524
145.8 -10.80 2454764.35109
322.9 21.20 2454764.39075
245.4 60.50 2454764.84937
16.0 -27.20 2454768.03829
213.3 -18.50 2454771.66713
95.8 -0.10 2454771.99065
207.5 -28.00 2454772.03153
225.3 22.00 2454772.86459
331.2 53.00 2454773.23914
215.8 38.70 2454776.11379
51.0 17.10 2454777.82085
330.8 -54.70 2454779.79308
111.7 21.40 2454781.10119
170.3 56.30 2454783.73024
190.6 63.30 2454786.3906
54.6 -43.30 2454789.37562
346.5 30.00 2454789.68434
205.4 -9.10 2454791.11776
89.3 -60.60 2454792.35796
339.1 40.00 2454793.01959
151.4 -2.10 2454793.1135
340.1 -14.60 2454794.55985
42.7 -18.90 2454795.99559
323.5 48.70 2454797.39872
63.2 -54.90 2454799.66116
34.2 45.40 2454800.71158
13.2 -5.50 2454801.12865
63.3 -62.60 2454804.50375
150.8 30.50 2454805.01697
120.1 32.80 2454806.77492
353.3 -31.90 2454807.10383
54.3 -8.60 2454807.48739
112.4 70.50 2454808.17971
45.3 63.50 2454810.48051
12.9 -33.90 2454813.6734
125.6 54.00 2454816.28376
228.6 -50.70 2454816.37978
129.2 7.60 2454817.03056
116.8 26.80 2454818.48251
15.8 -24.50 2454822.18139
22.7 -34.10 2454822.70417
112.5 33.20 2454823.91941
201.7 75.10 2454825.38745
234.1 -64.60 2454825.7565
120.5 -69.00 2454826.54418
193.0 26.80 2454826.65616
25.5 -47.40 2454827.00915
172.6 56.90 2454829.68683
310.0 22.80 2454830.1752
207.6 -17.30 2454831.37061
208.6 -35.80 2454831.6396000045
77.8 -31.60 2454833.25812
128.2 33.10 2454833.62188
284.8 59.60 2454839.18105
260.8 46.00 2454839.52017
0.4 -32.90 2454839.8218
129.6 51.80 2454840.83229
110.9 -30.40 2454843.83152
192.3 25.40 2454844.22935
32.1 33.40 2454845.27825
227.3 -41.50 2454848.83475
121.6 -38.80 2454849.13241
164.0 -58.20 2454849.14029
38.1 -72.20 2454852.12665
189.2 34.10 2454857.72665
224.9 41.20 2454857.74483
269.0 -32.80 2454861.38004
352.3 21.20 2454862.58983
274.3 -2.00 2454864.84688
156.2 8.80 2454869.11993
252.7 34.90 2454870.27721
330.6 -55.00 2454875.73571
204.9 -8.40 2454879.70605
26.5 59.20 2454881.57382
118.6 45.00 2454884.67858
358.2 61.00 2454887.50861
3.3 -43.00 2454889.80969
11.8 32.20 2454890.27154
106.8 -24.30 2454890.70371
357.6 36.70 2454891.47571
352.8 9.50 2454891.81502
195.9 -73.40 2454894.71584
135.0 74.30 2454895.5518
137.0 57.00 2454896.74451
172.7 -23.90 2454897.66663
21.9 -54.30 2454899.23362
174.3 -49.50 2454900.26744
184.9 -34.20 2454900.68947
256.1 -38.90 2454906.81091
283.3 -8.90 2454910.12194
108.3 -43.30 2454910.54526
238.0 -46.50 2454910.91789
183.4 49.80 2454911.30123
190.7 17.10 2454913.50188
259.7 -7.40 2454917.13252
33.1 -41.50 2454917.90395
90.9 -42.00 2454918.90054
155.7 33.40 2454919.21325
160.2 -8.20 2454920.77942
210.5 3.10 2454922.18079
67.1 47.20 2454924.81438
221.9 -9.20 2454927.16298
302.1 1.10 2454930.78752
156.0 -68.90 2454933.33793
38.5 5.10 2454933.49149
1.3 -51.90 2454933.56117
266.5 -9.20 2454934.62219
262.8 -28.20 2454940.31626
88.6 31.30 2454941.49659
294.7 40.40 2454943.6495
148.7 18.10 2454944.83016
189.5 16.80 2454946.09177
118.6 68.10 2454946.87744
17.6 -19.20 2454947.56638
82.7 -9.70 2454948.18997
210.0 -45.70 2454949.14376
356.2 -34.60 2454949.18778
210.1 39.50 2454949.94072
0.8 11.50 2454950.05221
260.0 54.30 2454951.03016
125.2 6.20 2454951.25275
267.8 -20.30 2454954.27748
241.4 -28.40 2454960.71534
333.6 -26.60 2454961.51597
269.4 -57.90 2454961.82476
161.9 51.30 2454963.18422
269.8 -31.60 2454965.41583
99.1 -72.90 2454965.44138
12.3 -10.90 2454965.50601
304.3 -24.40 2454966.22647
316.0 -44.00 2454966.23397
122.2 -71.60 2454967.63704
138.3 -11.90 2454967.85276
15.7 -13.70 2454968.35324
119.9 0.80 2454969.57968
211.2 -16.70 2454969.7438
105.9 -56.70 2454970.96212
142.3 0.20 2454971.38109
332.0 43.20 2454972.33187
111.2 -19.70 2454972.34953
131.3 -18.00 2454972.37612
277.7 19.60 2454973.84432
329.5 -67.40 2454975.84579
134.9 -35.80 2454979.67293
312.2 32.70 2454980.01564
231.2 32.20 2454980.80998
162.7 47.30 2454981.06389
73.2 13.80 2454982.26001
252.1 -36.00 2454983.27496
248.9 -65.00 2454985.06415
146.9 -70.50 2454988.97093
100.2 -37.40 2454990.55239
84.2 35.40 2454993.14822
276.0 -42.10 2454993.22329
70.4 30.30 2454993.38342
81.0 17.70 2454995.11864
103.1 -3.70 2454998.65674
78.9 15.60 2454999.70832
294.0 78.40 2455000.85309
237.4 61.20 2455002.90027
241.4 -43.00 2455003.40111
11.0 61.90 2455003.68512
257.5 -28.50 2455003.91727
12.3 -22.60 2455003.94705
313.4 69.00 2455004.42183
309.0 -43.20 2455005.60715
41.7 1.80 2455006.41279
20.3 -6.40 2455007.73403
2.3 -65.80 2455008.05998
170.0 -33.50 2455008.68899
136.4 14.40 2455009.20747
8.5 17.70 2455012.04261
146.6 -46.60 2455012.81066
114.7 -42.10 2455013.72495
0.8 9.70 2455015.8292
208.2 22.80 2455016.74153
296.4 25.90 2455017.28265
205.1 -47.10 2455018.78311
154.6 26.60 2455020.6516
93.6 64.10 2455022.13034
139.6 -64.70 2455024.34957
70.1 22.50 2455024.66042
284.8 -3.30 2455025.52046
92.4 -62.50 2455029.5344
246.9 23.00 2455029.61148
243.8 -6.70 2455031.21994
274.1 -36.40 2455031.2623
341.3 -67.90 2455031.5635
199.5 -16.40 2455032.77648
203.0 -54.80 2455033.21038
281.9 -69.50 2455038.33774
240.4 36.80 2455038.71814
252.6 30.50 2455043.10773
84.3 34.10 2455045.73545
267.0 -71.80 2455046.16555
130.4 -11.30 2455048.43982
300.0 -50.80 2455049.12174
326.9 7.20 2455051.33193
95.2 0.20 2455053.47795
168.9 -76.40 2455054.15912
116.4 -17.50 2455054.28107
277.0 22.20 2455055.19572
225.8 88.60 2455056.6741
332.5 58.90 2455057.86784
307.6 45.70 2455058.44964
41.0 -2.70 2455058.80014
21.4 53.40 2455058.93798
251.3 52.90 2455059.44568
64.0 44.10 2455060.53572
49.1 -67.10 2455063.10726
87.7 27.10 2455063.52658
318.3 -18.60 2455064.00922
49.5 -17.60 2455066.63257
46.7 59.80 2455068.41828
140.6 -0.10 2455069.56773
124.4 -26.10 2455071.59917
329.2 -34.20 2455073.17198
355.0 -9.40 2455073.20185
145.1 51.00 2455074.81709
291.0 53.10 2455076.90145
264.9 27.30 2455076.9619
264.2 -25.20 2455078.55849
261.6 4.60 2455079.08145
86.3 -38.80 2455081.51678
81.1 20.50 2455082.30819
282.2 3.50 2455082.8138
174.1 -25.10 2455082.84074
32.3 53.90 2455083.987
54.2 -25.00 2455084.35408
296.2 72.30 2455085.31237
188.0 61.50 2455087.16006
238.0 15.50 2455090.14972
230.3 -11.70 2455092.16087
299.7 -52.20 2455094.53471
17.2 74.30 2455097.03938
38.4 -73.10 2455097.10465
69.7 -65.00 2455099.12493
333.2 14.30 2455099.88928
353.4 -66.30 2455100.68087
46.3 -39.00 2455101.41352
344.0 -71.00 2455101.92173
103.9 -43.50 2455103.14566
51.7 -7.30 2455103.68963
41.9 -14.00 2455107.18485
251.5 36.60 2455107.6915
43.1 12.10 2455110.17883
243.1 -31.00 2455110.86027
298.7 -22.50 2455114.6133
109.4 87.30 2455117.28267
316.1 -49.50 2455119.62897
210.8 25.50 2455122.36139
214.4 -64.70 2455122.48539
321.8 -23.10 2455123.45718
226.0 80.30 2455124.25047
175.7 51.00 2455125.40051
187.8 -13.40 2455125.47679
215.4 26.00 2455127.52065
339.3 56.90 2455128.8722
339.3 56.90 2455128.87951
137.1 -23.60 2455130.98528
276.6 -86.10 2455131.04969
249.0 23.50 2455135.11338
41.7 21.50 2455135.32809
70.6 -59.10 2455136.00033
29.8 -33.70 2455136.64343
72.6 -72.50 2455138.10739
170.6 11.30 2455139.4124
49.1 60.30 2455142.26195
182.4 38.90 2455143.13472
247.7 42.30 2455145.39491
257.7 -36.70 2455148.23699
208.4 37.20 2455148.42768
307.8 71.50 2455150.67697
246.5 -73.90 2455152.58015
226.8 -21.80 2455155.69074
110.9 0.60 2455157.66274
337.8 13.40 2455158.58055
297.1 -29.20 2455158.79765
83.2 -19.30 2455161.83293
47.4 31.50 2455161.88876
36.6 -19.00 2455163.47622
127.7 1.70 2455163.78512
27.8 11.90 2455166.58858
257.5 -1.90 2455167.5723
13.9 9.10 2455167.71924
12.7 -50.20 2455172.83345
29.4 16.90 2455173.9097
261.0 38.30 2455174.50052
283.2 17.50 2455180.73434
294.5 71.90 2455184.96164
166.8 4.80 2455185.94225
55.8 23.20 2455187.37011
203.2 76.30 2455188.69109
231.3 54.70 2455189.01104
331.2 18.30 2455189.87334
296.9 2.60 2455192.7939
101.5 0.70 2455195.75983
51.7 77.20 2455196.21197
199.4 -60.70 2455196.70594
241.3 3.30 2455197.04015
307.3 -27.00 2455197.52765
70.7 18.70 2455198.48768
6.3 -21.20 2455203.57398
247.0 15.60 2455207.67558
240.1 -75.10 2455208.91756
305.0 14.40 2455213.39653
11.3 -1.60 2455214.37939
9.3 -37.40 2455214.5997
79.2 -2.70 2455219.1164
338.4 -18.70 2455222.96048
21.2 -24.80 2455227.22875
78.6 20.80 2455227.2768
120.4 16.50 2455228.22983
133.1 -37.30 2455229.0877
50.8 -47.90 2455231.52354
273.1 -52.80 2455232.06578
91.3 -20.90 2455232.35838
133.9 -23.00 2455232.99003
47.2 13.20 2455234.06256
307.9 -27.70 2455235.16522
321.8 -15.80 2455235.22118
260.2 27.50 2455235.88581
244.4 16.10 2455237.60057
132.2 29.50 2455238.93999
134.3 32.20 2455240.04983
1.8 46.00 2455240.08845
154.3 35.50 2455243.92153
206.6 -11.90 2455245.69359
330.9 37.80 2455246.52587
27.1 -17.40 2455248.86836
104.5 3.70 2455250.60983
269.6 -17.10 2455251.61175
310.3 -59.40 2455252.61494
352.9 15.00 2455252.74937
314.3 0.20 2455253.08022
147.9 34.00 2455253.20299
199.8 15.60 2455256.04353
118.0 18.60 2455256.37347
110.1 -15.70 2455256.56758
201.9 19.80 2455256.72345
76.2 60.50 2455259.50371
260.1 -21.90 2455260.03355
216.0 -29.40 2455261.69891
129.4 33.00 2455263.42813
303.4 -27.80 2455267.01799
172.7 -52.60 2455268.78777
186.4 11.70 2455269.00853
208.9 30.10 2455270.86056
211.0 21.20 2455274.1107
23.3 -10.20 2455277.54525
188.9 -18.70 2455279.04218
39.7 -19.30 2455279.67195
209.1 -79.10 2455280.74634
330.2 -26.50 2455280.77509
131.2 -28.20 2455281.79381
314.7 0.50 2455281.90162
155.9 47.00 2455283.64079
202.1 -0.90 2455285.80893
326.4 -7.00 2455286.35611
290.8 -8.30 2455287.7969
77.8 26.90 2455293.25794
130.0 21.50 2455296.85553
78.1 61.30 2455297.24012
210.6 47.90 2455298.01594
266.2 15.80 2455300.23162
192.1 8.70 2455300.59748
261.3 50.40 2455303.66648
295.8 9.80 2455304.28866
120.6 -5.80 2455306.50841
350.7 -25.70 2455308.41653
119.7 5.80 2455309.74405
246.7 -48.90 2455311.22928
7.8 43.30 2455311.3763
89.2 -3.50 2455313.85566
89.1 -70.00 2455316.4999
131.0 18.40 2455318.85628
147.5 4.00 2455320.05421
255.6 -35.60 2455321.3062
82.5 59.20 2455323.15265
2.9 -79.00 2455324.07727
355.8 -35.60 2455327.3105
109.3 -4.70 2455327.53468
321.0 22.20 2455330.37914
275.5 27.00 2455331.96747
274.4 -8.20 2455332.86853
297.7 18.70 2455332.89628
100.9 -29.00 2455333.57162
40.6 -44.30 2455333.63183
243.6 -10.40 2455333.65426
10.4 4.40 2455333.74296
52.7 -71.90 2455334.13887
191.5 57.40 2455335.70374
7.0 9.40 2455338.65686
251.8 41.00 2455342.24404
226.8 19.80 2455344.29488
311.1 27.80 2455344.57501
289.7 31.00 2455347.2374
248.3 -73.20 2455351.78721
273.4 -67.60 2455353.27443
30.5 20.50 2455355.88202
90.5 42.80 2455357.28346
63.5 13.70 2455360.0447
352.0 -1.80 2455360.22646
224.8 40.90 2455361.99819
177.2 -19.50 2455362.58269
342.9 3.10 2455364.2726
86.4 -27.00 2455366.51466
80.1 -51.70 2455367.61909
103.8 37.30 2455368.95229
160.9 14.70 2455369.02936
15.8 -39.10 2455373.27255
338.3 20.30 2455373.3908
231.2 27.80 2455377.30143
43.1 -2.20 2455378.98985
133.6 -24.20 2455381.64938
255.2 46.90 2455384.19327
351.1 -6.60 2455384.5324
142.5 17.40 2455387.10247
82.1 13.00 2455391.48025
106.4 51.10 2455392.1718
307.9 61.30 2455392.18565
299.3 -54.70 2455392.97729
287.1 -0.70 2455394.8716
304.3 19.50 2455394.94568
121.8 -46.20 2455395.65983
298.5 41.40 2455396.29609
304.9 -67.10 2455396.81132
231.4 18.60 2455397.32509
113.3 5.40 2455397.48894
238.8 -15.60 2455399.59626
31.8 56.20 2455399.79056
119.6 75.90 2455401.52924
290.0 77.00 2455402.9754
154.2 -21.40 2455404.73775
88.8 -15.30 2455405.59549
44.1 0.30 2455405.93883
339.8 -22.20 2455407.96267
2.5 47.80 2455410.74
249.0 27.50 2455412.60378
22.8 34.20 2455413.80014
112.7 -35.90 2455414.34479
124.8 -1.60 2455418.54901
345.9 15.90 2455419.60821
108.1 62.20 2455420.28066
22.5 -18.00 2455422.65982
122.8 18.50 2455422.85099
102.1 -26.70 2455424.50881
351.7 26.60 2455424.52628
279.6 -50.00 2455427.99763
258.8 -18.50 2455428.8729
253.4 -56.60 2455433.78737
284.0 -23.20 2455435.45721
193.9 71.90 2455435.95543
115.4 -4.00 2455437.87439
90.4 30.30 2455438.37649
161.3 33.70 2455440.15099
306.0 42.30 2455442.48981
262.6 13.10 2455445.40721
28.7 55.60 2455446.07601
177.3 -40.60 2455447.25083
238.1 -34.60 2455450.31787
151.3 59.00 2455451.31643
85.4 25.10 2455454.74282
152.0 -59.40 2455456.27862
308.4 -46.00 2455458.36271
163.2 6.00 2455459.38352
357.0 -25.20 2455462.1248
106.1 39.60 2455463.34387
0.7 7.00 2455463.66537
222.8 -72.30 2455466.09518
43.6 -11.10 2455466.19438
166.3 62.30 2455468.73533
243.6 33.30 2455468.81463
183.0 -24.90 2455469.4165
323.4 -27.50 2455471.77878
175.9 2.50 2455472.74384
232.2 -44.00 2455473.92627
328.9 37.10 2455478.19671
47.2 43.60 2455479.69013
48.3 -66.00 2455481.20737
292.1 -49.60 2455482.91161
26.9 -51.10 2455483.67491
73.2 15.50 2455485.05836
133.0 -4.60 2455485.74324
27.5 -26.60 2455487.11909
0.9 -23.70 2455490.50932
0.5 47.30 2455490.56287
318.0 -65.40 2455493.45144
66.5 -77.30 2455493.98581
240.2 -8.50 2455494.64605
263.7 -0.40 2455495.53421
79.0 44.00 2455496.72952
166.4 -16.40 2455500.16424
184.1 -7.50 2455501.12468
13.6 45.80 2455502.24414
266.0 -29.00 2455502.39871
284.7 -37.00 2455503.34036
161.0 -7.10 2455505.30988
168.3 22.40 2455507.5114
292.2 39.40 2455513.42399
100.1 9.60 2455513.48398
29.1 0.20 2455513.98306
32.0 -81.20 2455516.98087
57.2 -26.90 2455517.99636
226.5 59.60 2455520.18545
135.2 1.90 2455524.45249
84.8 -22.60 2455526.69754
290.3 7.90 2455527.59304
70.9 -11.30 2455527.60244
145.5 -35.20 2455528.82227
157.8 -17.20 2455530.15245
271.5 1.00 2455530.22599
274.6 26.60 2455530.57355
2.0 -16.20 2455531.91794
254.0 58.50 2455532.6541
191.9 55.70 2455534.84327
322.1 -39.10 2455535.80862
164.1 -38.10 2455536.53631
175.8 8.70 2455538.03589
212.4 4.00 2455538.70344
280.9 -59.00 2455538.99793
31.8 10.10 2455541.98466
241.3 21.90 2455543.95094
261.0 -64.50 2455544.34892
0.7 -28.30 2455545.24796
181.1 -31.10 2455545.49307
284.3 -21.00 2455547.22075
12.2 -34.60 2455550.18626
241.6 46.10 2455551.07637
2.7 27.20 2455551.36382
250.6 48.20 2455554.33354
285.9 45.70 2455554.72724
289.1 -55.20 2455555.07845
290.2 34.50 2455555.11358
325.2 -38.70 2455555.49832
60.7 32.80 2455555.87701
186.8 -83.50 2455557.69478
240.5 -24.50 2455557.90633
150.9 -49.40 2455558.03595
191.7 17.60 2455561.56725
264.3 36.50 2455562.70163
105.5 34.60 2455563.00581
